senderTs,senderMbps,receiverTs,receiverMbps
1.0,0.985,1.0,0.116
2.0,0.0,2.0,0.0
3.0,1.22,3.0,0.0116
4.0,0.0,4.0,0.0811
5.0,0.0,5.0,0.0811
6.0,0.0,6.0,0.0579
7.0,0.0,7.0,0.0
8.0,0.0,8.0,0.0116
9.0,0.0,9.0,0.116
10.0,0.348,10.0,0.0695
11.0,0.521,11.0,0.0695
12.0,0.174,12.0,0.0579
13.0,0.0,13.0,0.0
14.0,0.0,14.0,0.0
15.0,0.0,15.0,0.0
16.0,0.0,16.0,0.0
17.0,0.0,17.0,0.0
18.0,0.0,18.0,0.0
19.0,0.0,19.0,0.0
20.0,0.0,20.0,0.0
21.0,0.0116,21.0,0.0
22.0,0.0348,22.0,0.0
23.0,0.313,23.0,0.0
24.0,0.0232,24.0,0.0
25.0,0.0232,25.0,0.0
26.0,0.0695,26.0,0.0116
27.0,0.0927,27.0,0.0463
28.0,0.0463,28.0,0.0579
29.0,0.0,29.0,0.0695
30.0,0.0,30.0,0.0811
31.0,0.0,31.0,0.104
32.0,0.0,32.0,0.104
33.0,0.0,33.0,0.116
34.0,0.0,34.0,0.0348
35.0,0.0,35.0,0.0348
36.0,0.0,36.0,0.0232
37.0,0.521,37.0,0.0348
38.0,0.0,38.0,0.0116
39.0,0.0,39.0,0.0232
40.0,0.0,40.0,0.0232
41.0,0.0,41.0,0.0232
42.0,0.0,42.0,0.0116
43.0,0.0,43.0,0.0232
44.0,0.0,44.0,0.0
45.0,0.0,45.0,0.0
46.0,0.0,46.0,0.0
47.0,0.0,47.0,0.0
48.0,0.0,48.0,0.0
49.0,0.0,49.0,0.0
50.0,0.0,50.0,0.0
51.0,0.0,51.0,0.0
52.0,0.521,52.0,0.0
53.0,0.0,53.0,0.0463
54.0,0.0,54.0,0.0463
55.0,0.0,55.0,0.197
56.0,0.0,56.0,0.127
57.0,0.0,57.0,0.116
58.0,0.0,58.0,0.104
59.0,0.0,59.0,0.0579
60.0,0.0,60.0,0.0348
61.0,0.0,61.0,0.0116
62.0,0.0,62.0,0.0232
63.0,0.521,63.0,0.0232
64.0,0.0,64.0,0.0232
65.0,0.0,65.0,0.0463
66.0,0.0,66.0,0.0463
67.0,0.0,67.0,0.0348
68.0,0.0,68.0,0.0463
69.0,0.0,69.0,0.0232
70.0,0.0,70.0,0.0
71.0,0.0,71.0,0.0
72.0,0.0,72.0,0.0
73.0,0.521,73.0,0.0463
74.0,0.0,74.0,0.0
75.0,0.0,75.0,0.0
76.0,0.0,76.0,0.0
77.0,0.0,77.0,0.162
78.0,0.0,78.0,0.209
79.0,0.0,79.0,0.0348
80.0,0.0,80.0,0.0
81.0,0.0,81.0,0.0927
82.0,0.0,82.0,0.162
83.0,0.0,83.0,0.139
84.0,0.0,84.0,0.22
85.0,0.0,85.0,0.174
86.0,0.0,86.0,0.0232
87.0,0.0,87.0,0.0
88.0,0.0,88.0,0.0116
89.0,0.0,89.0,0.139
90.0,0.0,90.0,0.0811
91.0,0.0,91.0,0.0463
92.0,0.0,92.0,0.0
93.0,0.0,93.0,0.0
94.0,0.0,94.0,0.0
95.0,0.521,95.0,0.0
96.0,0.0,96.0,0.0
97.0,0.521,97.0,0.0
98.0,0.0,98.0,0.0
99.0,0.0,99.0,0.0
100.0,0.0,100.0,0.0
101.0,0.521,101.0,0.0
102.0,0.0,102.0,0.0232
103.0,0.0,103.0,0.0232
104.0,0.0,104.0,0.0
105.0,0.0,105.0,0.0
106.0,0.0,106.0,0.0
107.0,0.0,107.0,0.0
108.0,0.0,108.0,0.0348
109.0,0.0,109.0,0.0811
110.0,0.0,110.0,0.104
111.0,0.0,111.0,0.104
112.0,0.0,112.0,0.0811
113.0,0.0,113.0,0.0695
114.0,0.0,114.0,0.104
115.0,0.0,115.0,0.139
116.0,0.0,116.0,0.209
117.0,0.0,117.0,0.139
118.0,0.0,118.0,0.116
119.0,0.0,119.0,0.0
120.0,0.0,120.0,0.0
121.0,0.521,121.0,0.0
122.0,0.0,122.0,0.0116
123.0,0.521,123.0,0.0348
124.0,0.0,124.0,0.0695
125.0,0.0,125.0,0.104
126.0,0.0,126.0,0.104
127.0,0.521,127.0,0.104
128.0,0.0,128.0,0.0811
129.0,0.0,129.0,0.0579
130.0,0.0,130.0,0.0695
131.0,0.0,131.0,0.0463
132.0,0.0,132.0,0.0348
133.0,0.0,133.0,0.0232
134.0,0.0,134.0,0.0232
135.0,0.0,135.0,0.0232
136.0,0.0,136.0,0.0232
137.0,0.0,137.0,0.0232
138.0,0.0,138.0,0.0232
139.0,0.0,139.0,0.0463
140.0,0.0,140.0,0.0
141.0,0.0,141.0,0.0
142.0,0.0,142.0,0.0
143.0,0.0,143.0,0.0
144.0,0.0,144.0,0.0
145.0,0.521,145.0,0.0
146.0,0.0,146.0,0.0
147.0,0.0,147.0,0.0
148.0,0.0,148.0,0.0
149.0,0.0,149.0,0.0
150.0,0.0,150.0,0.0
151.0,0.0,151.0,0.0116
152.0,0.0,152.0,0.0348
153.0,0.0,153.0,0.0
154.0,0.0,154.0,0.0
155.0,0.0,155.0,0.0927
156.0,0.0,156.0,0.0927
157.0,0.0,157.0,0.0927
158.0,0.0,158.0,0.0927
159.0,0.0,159.0,0.0927
160.0,0.0,160.0,0.0927
161.0,0.0,161.0,0.116
162.0,0.0,162.0,0.0463
163.0,0.0,163.0,0.0463
164.0,0.0,164.0,0.0
165.0,0.0,165.0,0.0579
166.0,0.521,166.0,0.0116
167.0,0.0,167.0,0.0
168.0,0.0,168.0,0.0
169.0,0.0,169.0,0.0
170.0,0.0,170.0,0.0
171.0,0.0,171.0,0.0
172.0,0.0,172.0,0.0
173.0,0.521,173.0,0.0
174.0,0.0,174.0,0.0
175.0,0.0,175.0,0.0463
176.0,0.0,176.0,0.0
177.0,0.0,177.0,0.0
178.0,0.0,178.0,0.0
179.0,0.0,179.0,0.0
180.0,0.0,180.0,0.0
181.0,0.0,181.0,0.0
182.0,0.0,182.0,0.0
183.0,0.0,183.0,0.162
184.0,0.0,184.0,0.162
185.0,0.0,185.0,0.139
186.0,0.0,186.0,0.174
187.0,0.0,187.0,0.174
188.0,0.0,188.0,0.0811
189.0,0.0,189.0,0.0695
190.0,0.0,190.0,0.0695
191.0,0.0,191.0,0.0927
192.0,0.0,192.0,0.0811
193.0,0.0,193.0,0.0348
194.0,0.0,194.0,0.0
195.0,0.0,195.0,0.0
196.0,0.0,196.0,0.0
197.0,0.521,197.0,0.0
198.0,0.0,198.0,0.0
199.0,0.0,199.0,0.0
200.0,0.0,200.0,0.0
201.0,0.521,201.0,0.0
202.0,0.0,202.0,0.0
203.0,0.0,203.0,0.0
204.0,0.0,204.0,0.0
205.0,0.0,205.0,0.0463
206.0,0.0,206.0,0.0
207.0,0.0,207.0,0.0
208.0,0.0,208.0,0.0
209.0,0.0,209.0,0.0232
210.0,0.0,210.0,0.0695
211.0,0.0,211.0,0.0811
212.0,0.0,212.0,0.0811
213.0,0.0,213.0,0.0695
214.0,0.0,214.0,0.104
215.0,0.0,215.0,0.0695
216.0,0.0,216.0,0.0463
217.0,0.0,217.0,0.0463
218.0,0.0,218.0,0.0695
219.0,0.0,219.0,0.0811
220.0,0.0,220.0,0.0811
221.0,0.0,221.0,0.0695
222.0,0.0,222.0,0.0927
223.0,0.521,223.0,0.0348
224.0,0.0,224.0,0.0
225.0,0.0,225.0,0.0
226.0,0.0,226.0,0.0
227.0,0.0,227.0,0.0
228.0,0.521,228.0,0.0
229.0,0.0,229.0,0.0116
230.0,0.0,230.0,0.0348
231.0,0.0,231.0,0.0
232.0,0.0,232.0,0.0
233.0,0.0,233.0,0.0
234.0,0.0,234.0,0.0
235.0,0.0,235.0,0.0
236.0,0.0,236.0,0.0
237.0,0.0,237.0,0.0
238.0,0.0,238.0,0.0
239.0,0.0,239.0,0.0
240.0,0.0,240.0,0.0
241.0,0.0,241.0,0.0
242.0,0.0,242.0,0.0348
243.0,0.0,243.0,0.0579
244.0,0.0,244.0,0.0695
245.0,0.0,245.0,0.0463
246.0,0.0,246.0,0.0348
247.0,0.0,247.0,0.0348
248.0,0.0,248.0,0.0811
249.0,0.0,249.0,0.0579
250.0,0.0,250.0,0.139
251.0,0.0,251.0,0.116
252.0,0.0,252.0,0.0811
253.0,0.0,253.0,0.0811
254.0,0.0,254.0,0.0695
255.0,0.0,255.0,0.0695
256.0,0.0,256.0,0.0463
257.0,0.0,257.0,0.0
258.0,0.0,258.0,0.0
259.0,0.0,259.0,0.0
260.0,1.04,260.0,0.0
261.0,0.0,261.0,0.0
262.0,0.0,262.0,0.0
263.0,0.0,263.0,0.0232
264.0,0.0,264.0,0.0232
265.0,0.0,265.0,0.0
266.0,0.0,266.0,0.0
267.0,0.0,267.0,0.0
268.0,0.0,268.0,0.0
269.0,0.0,269.0,0.0
270.0,0.0,270.0,0.0348
271.0,0.0,271.0,0.104
272.0,0.0,272.0,0.0927
273.0,0.0,273.0,0.0811
274.0,0.0,274.0,0.0695
275.0,0.0,275.0,0.0695
276.0,0.0,276.0,0.0695
277.0,0.0,277.0,0.0695
278.0,0.0,278.0,0.0811
279.0,0.0,279.0,0.0811
280.0,0.0,280.0,0.104
281.0,0.0,281.0,0.0
282.0,0.0,282.0,0.0
283.0,0.521,283.0,0.0
284.0,0.0,284.0,0.0
285.0,0.0,285.0,0.0
286.0,0.0,286.0,0.0
287.0,0.521,287.0,0.0
288.0,0.0,288.0,0.0116
289.0,0.0,289.0,0.0348
290.0,0.0,290.0,0.0
291.0,0.0,291.0,0.0
292.0,0.0,292.0,0.0
293.0,0.0,293.0,0.0
294.0,0.0,294.0,0.0
295.0,0.0,295.0,0.0463
296.0,0.0,296.0,0.0695
297.0,0.0,297.0,0.0811
298.0,0.0,298.0,0.0695
299.0,0.0,299.0,0.0695
300.0,0.0,300.0,0.0579
301.0,0.0,301.0,0.0579
302.0,0.0,302.0,0.0463
303.0,0.0,303.0,0.0463
304.0,0.0,304.0,0.0579
305.0,0.0,305.0,0.0463
306.0,0.0,306.0,0.0579
307.0,0.0,307.0,0.0579
308.0,0.0,308.0,0.0463
309.0,0.0,309.0,0.0348
310.0,0.0,310.0,0.0463
311.0,0.0,311.0,0.0348
312.0,0.521,312.0,0.0232
313.0,0.0,313.0,0.0
314.0,0.0,314.0,0.0
315.0,0.0,315.0,0.0
316.0,0.0,316.0,0.0
317.0,0.0,317.0,0.0
318.0,0.521,318.0,0.0
319.0,0.0,319.0,0.0
320.0,0.0,320.0,0.0116
321.0,0.0,321.0,0.0348
322.0,0.0,322.0,0.0
323.0,0.0,323.0,0.0
324.0,0.0,324.0,0.0
325.0,0.0,325.0,0.0
326.0,0.0,326.0,0.0
327.0,0.0,327.0,0.0
328.0,0.0,328.0,0.0
329.0,0.0,329.0,0.0463
330.0,0.0,330.0,0.0463
331.0,0.0,331.0,0.0695
332.0,0.0,332.0,0.0695
333.0,0.0,333.0,0.104
334.0,0.0,334.0,0.0927
335.0,0.0,335.0,0.0927
336.0,0.0,336.0,0.0695
337.0,0.0,337.0,0.0579
338.0,0.0,338.0,0.0579
339.0,0.0,339.0,0.0579
340.0,0.0,340.0,0.0348
341.0,0.0,341.0,0.0463
342.0,0.0,342.0,0.0463
343.0,0.0,343.0,0.0463
344.0,0.0,344.0,0.0463
345.0,0.0,345.0,0.0811
346.0,0.521,346.0,0.0927
347.0,0.0,347.0,0.0927
348.0,0.0,348.0,0.0463
349.0,0.0,349.0,0.0
350.0,0.0,350.0,0.0
351.0,0.0,351.0,0.0
352.0,0.0,352.0,0.0
353.0,0.0,353.0,0.0
354.0,0.0,354.0,0.0
355.0,0.0,355.0,0.0
356.0,0.521,356.0,0.0
357.0,0.0,357.0,0.0
358.0,0.0,358.0,0.0
359.0,0.0,359.0,0.0
360.0,0.0,360.0,0.0463
361.0,0.0,361.0,0.0
362.0,0.0,362.0,0.0
363.0,0.0,363.0,0.0
364.0,0.0,364.0,0.0
365.0,0.521,365.0,0.0348
366.0,0.0,366.0,0.104
367.0,0.0,367.0,0.0811
368.0,0.0,368.0,0.0811
369.0,0.0,369.0,0.0579
370.0,0.0,370.0,0.0579
371.0,0.0,371.0,0.0695
372.0,0.0,372.0,0.0695
373.0,0.0,373.0,0.0579
374.0,0.0,374.0,0.0579
375.0,0.0,375.0,0.0695
376.0,0.0,376.0,0.0232
377.0,0.0,377.0,0.0579
378.0,0.0,378.0,0.0927
379.0,0.0,379.0,0.0116
380.0,0.521,380.0,0.0
381.0,0.0,381.0,0.0
382.0,0.0,382.0,0.0
383.0,0.0,383.0,0.0116
384.0,0.0,384.0,0.0348
385.0,0.0,385.0,0.0
386.0,0.0,386.0,0.0
387.0,0.0,387.0,0.0695
388.0,0.0,388.0,0.0927
389.0,0.0,389.0,0.0811
390.0,0.0,390.0,0.0927
391.0,0.521,391.0,0.116
392.0,0.0,392.0,0.0811
393.0,0.0,393.0,0.0463
394.0,0.0,394.0,0.0348
395.0,0.0,395.0,0.0348
396.0,0.0,396.0,0.0463
397.0,0.0,397.0,0.0348
398.0,0.0,398.0,0.0116
399.0,0.0,399.0,0.0232
400.0,0.0,400.0,0.0463
401.0,0.521,401.0,0.0232
402.0,0.0,402.0,0.0232
403.0,0.0,403.0,0.0232
404.0,0.0,404.0,0.0116
405.0,0.0,405.0,0.0463
406.0,0.0,406.0,0.0348
407.0,0.0,407.0,0.0
408.0,0.0,408.0,0.0
409.0,0.0,409.0,0.0
410.0,0.0,410.0,0.0463
411.0,0.0,411.0,0.0
412.0,0.0,412.0,0.0
413.0,0.0,413.0,0.0348
414.0,0.0,414.0,0.0695
415.0,0.0,415.0,0.0579
416.0,0.0,416.0,0.0463
417.0,0.0,417.0,0.0348
418.0,0.0,418.0,0.0463
419.0,0.0,419.0,0.0695
420.0,0.0,420.0,0.104
421.0,0.0,421.0,0.116
422.0,0.0,422.0,0.185
423.0,0.0,423.0,0.209
424.0,0.0,424.0,0.0
425.0,0.0,425.0,0.0
426.0,0.0,426.0,0.0
427.0,0.0,427.0,0.0
428.0,0.521,428.0,0.0
429.0,0.0,429.0,0.0
430.0,0.521,430.0,0.0463
431.0,0.0,431.0,0.0
432.0,0.0,432.0,0.0463
433.0,0.0,433.0,0.0579
434.0,0.0,434.0,0.0811
435.0,0.0,435.0,0.0463
436.0,0.0,436.0,0.0579
437.0,0.0,437.0,0.0348
438.0,0.521,438.0,0.0348
439.0,0.0,439.0,0.0232
440.0,0.0,440.0,0.0579
441.0,0.0,441.0,0.0232
442.0,0.0,442.0,0.0348
443.0,0.0,443.0,0.0348
444.0,0.0,444.0,0.0463
445.0,0.0,445.0,0.0116
446.0,0.0,446.0,0.0
447.0,0.0,447.0,0.0
448.0,0.0,448.0,0.0
449.0,0.0,449.0,0.0
450.0,0.0,450.0,0.0348
451.0,0.0,451.0,0.0116
452.0,0.0,452.0,0.0
453.0,0.0,453.0,0.0232
454.0,0.521,454.0,0.0579
455.0,0.0,455.0,0.0579
456.0,0.0,456.0,0.0695
457.0,0.0,457.0,0.0579
458.0,0.0,458.0,0.0811
459.0,0.0,459.0,0.0695
460.0,0.0,460.0,0.0463
461.0,0.0,461.0,0.0579
462.0,0.0,462.0,0.0348
463.0,0.0,463.0,0.0348
464.0,0.0,464.0,0.0463
465.0,0.0,465.0,0.0348
466.0,0.0,466.0,0.0463
467.0,0.0,467.0,0.0463
468.0,0.0,468.0,0.0463
469.0,0.0,469.0,0.0579
470.0,0.0,470.0,0.0116
471.0,0.521,471.0,0.0
472.0,0.0,472.0,0.0
473.0,0.0,473.0,0.0463
474.0,0.0,474.0,0.0
475.0,0.0,475.0,0.0
476.0,0.0,476.0,0.0116
477.0,0.0,477.0,0.0579
478.0,0.0,478.0,0.0579
479.0,0.0,479.0,0.0695
480.0,0.0,480.0,0.0579
481.0,0.0,481.0,0.0579
482.0,0.0,482.0,0.0695
483.0,0.0,483.0,0.0695
484.0,0.521,484.0,0.0811
485.0,0.0,485.0,0.0695
486.0,0.0,486.0,0.0579
487.0,0.0,487.0,0.0348
488.0,0.0,488.0,0.0579
489.0,0.0,489.0,0.0579
490.0,0.0,490.0,0.0695
491.0,0.0,491.0,0.0811
492.0,0.0,492.0,0.0579
493.0,0.0,493.0,0.0348
494.0,0.0,494.0,0.0579
495.0,0.521,495.0,0.104
496.0,0.0,496.0,0.0811
497.0,0.0,497.0,0.0811
498.0,0.0,498.0,0.0927
499.0,0.0,499.0,0.0811
500.0,0.521,500.0,0.0579
501.0,0.0,501.0,0.0
502.0,0.0,502.0,0.0
503.0,0.0,503.0,0.0232
504.0,0.0,504.0,0.0232
505.0,0.0,505.0,0.0
506.0,0.0,506.0,0.0116
507.0,0.0,507.0,0.0579
508.0,0.0,508.0,0.0463
509.0,0.0,509.0,0.0579
510.0,0.0,510.0,0.0463
511.0,0.0,511.0,0.0348
512.0,0.0,512.0,0.0463
513.0,0.521,513.0,0.0463
514.0,0.0,514.0,0.0463
515.0,0.0,515.0,0.0463
516.0,0.0,516.0,0.0579
517.0,0.0,517.0,0.0695
518.0,0.0,518.0,0.0811
519.0,0.0,519.0,0.127
520.0,0.521,520.0,0.0695
521.0,0.0,521.0,0.0695
522.0,0.0,522.0,0.0695
523.0,0.0,523.0,0.0
524.0,0.0,524.0,0.0348
525.0,0.0,525.0,0.0116
526.0,0.0,526.0,0.0
527.0,0.0,527.0,0.0
528.0,0.0,528.0,0.0
529.0,0.0,529.0,0.0
530.0,0.0,530.0,0.0
531.0,0.0,531.0,0.0
532.0,0.0,532.0,0.0348
533.0,0.0,533.0,0.0579
534.0,0.0,534.0,0.0579
535.0,0.0,535.0,0.0695
536.0,0.0,536.0,0.139
537.0,0.0,537.0,0.127
538.0,0.0,538.0,0.0811
539.0,0.521,539.0,0.0927
540.0,0.0,540.0,0.116
541.0,0.0,541.0,0.0695
542.0,0.0,542.0,0.0927
543.0,0.521,543.0,0.104
544.0,0.0,544.0,0.0927
545.0,0.0,545.0,0.0811
546.0,0.0,546.0,0.0463
547.0,0.0,547.0,0.0463
548.0,0.0,548.0,0.0463
549.0,0.0,549.0,0.0463
550.0,0.0,550.0,0.0695
551.0,0.0,551.0,0.0695
552.0,0.0,552.0,0.0579
553.0,0.521,553.0,0.0579
554.0,0.0,554.0,0.0579
555.0,0.0,555.0,0.0232
556.0,0.0,556.0,0.0
557.0,0.521,557.0,0.0
558.0,0.0,558.0,0.127
559.0,0.0,559.0,0.0695
560.0,0.0,560.0,0.0927
561.0,0.0,561.0,0.0463
562.0,0.0,562.0,0.0348
563.0,0.0,563.0,0.0232
564.0,0.0,564.0,0.0348
565.0,0.0,565.0,0.0348
566.0,0.521,566.0,0.0463
567.0,0.0,567.0,0.0
568.0,0.0,568.0,0.0116
569.0,0.0,569.0,0.0116
570.0,0.0,570.0,0.0232
571.0,0.0,571.0,0.0
572.0,0.0,572.0,0.0
573.0,0.0,573.0,0.0
574.0,0.0,574.0,0.0
575.0,0.0,575.0,0.0348
576.0,0.0,576.0,0.0116
577.0,0.0,577.0,0.0
578.0,0.0,578.0,0.0
579.0,0.0,579.0,0.0463
580.0,0.0,580.0,0.0811
581.0,0.0,581.0,0.0695
582.0,0.0,582.0,0.0927
583.0,0.0,583.0,0.0811
584.0,0.0,584.0,0.0695
585.0,0.0,585.0,0.127
586.0,0.0,586.0,0.116
587.0,0.0,587.0,0.127
588.0,0.0,588.0,0.116
589.0,0.0,589.0,0.0
590.0,0.0,590.0,0.0
591.0,0.521,591.0,0.0116
592.0,0.521,592.0,0.0348
593.0,0.0,593.0,0.0695
594.0,0.0,594.0,0.116
595.0,0.0,595.0,0.162
596.0,0.521,596.0,0.151
597.0,0.0,597.0,0.104
598.0,0.0,598.0,0.104
599.0,0.0,599.0,0.0695
600.0,0.0,600.0,0.0695
601.0,0.0,601.0,0.0579
602.0,0.0,602.0,0.0348
603.0,0.0,603.0,0.0463
604.0,0.0,604.0,0.0116
605.0,0.0,605.0,0.0232
606.0,0.0,606.0,0.0116
607.0,0.0,607.0,0.0116
608.0,0.521,608.0,0.0
609.0,0.0,609.0,0.0232
610.0,0.0,610.0,0.0811
611.0,0.0,611.0,0.162
612.0,0.0,612.0,0.162
613.0,0.0,613.0,0.139
614.0,0.521,614.0,0.116
615.0,0.0,615.0,0.0811
616.0,0.0,616.0,0.0695
617.0,0.0,617.0,0.0579
618.0,0.0,618.0,0.0579
619.0,0.0,619.0,0.0348
620.0,0.0,620.0,0.0811
621.0,0.521,621.0,0.0348
622.0,0.0,622.0,0.0348
623.0,0.0,623.0,0.0348
624.0,0.0,624.0,0.0116
625.0,0.0,625.0,0.0348
626.0,0.0,626.0,0.0
627.0,0.0,627.0,0.0811
628.0,0.0,628.0,0.0927
629.0,0.0,629.0,0.0927
630.0,0.0,630.0,0.139
631.0,0.0,631.0,0.151
632.0,0.521,632.0,0.174
633.0,0.0,633.0,0.29
634.0,0.521,634.0,0.348
635.0,0.521,635.0,0.209
636.0,0.0,636.0,0.174
637.0,0.0,637.0,0.174
638.0,0.0,638.0,0.22
639.0,0.0,639.0,0.104
640.0,0.521,640.0,0.116
641.0,0.0,641.0,0.116
642.0,0.0,642.0,0.0695
643.0,0.0,643.0,0.0463
644.0,0.0,644.0,0.0232
645.0,0.0,645.0,0.0463
646.0,0.521,646.0,0.0348
647.0,0.0,647.0,0.0348
648.0,0.0,648.0,0.0695
649.0,0.0,649.0,0.0579
650.0,0.521,650.0,0.0
651.0,0.0,651.0,0.0
652.0,0.0,652.0,0.0
653.0,0.0,653.0,0.0
654.0,0.0,654.0,0.0463
655.0,0.0,655.0,0.0
656.0,0.0,656.0,0.0
657.0,0.0,657.0,0.0
658.0,0.0,658.0,0.0116
659.0,0.0,659.0,0.243
660.0,0.0,660.0,0.243
661.0,0.0,661.0,0.22
662.0,0.0,662.0,0.232
663.0,0.0,663.0,0.151
664.0,0.0,664.0,0.104
665.0,0.0,665.0,0.116
666.0,0.0,666.0,0.0811
667.0,0.0,667.0,0.0927
668.0,0.0,668.0,0.0811
669.0,0.0,669.0,0.0927
670.0,0.0,670.0,0.116
671.0,0.0,671.0,0.139
672.0,0.0,672.0,0.151
673.0,0.104,673.0,0.139
674.0,0.0695,674.0,0.139
675.0,0.0,675.0,0.127
676.0,0.521,676.0,0.104
677.0,1.04,677.0,0.243
678.0,0.521,678.0,0.336
679.0,0.521,679.0,0.0232
680.0,0.521,680.0,0.0232
681.0,0.0,681.0,0.0579
682.0,0.0,682.0,0.22
683.0,0.0,683.0,0.151
684.0,0.0,684.0,0.162
685.0,0.0,685.0,0.139
686.0,0.0,686.0,0.127
687.0,0.0,687.0,0.116
688.0,0.0,688.0,0.116
689.0,0.0,689.0,0.127
690.0,0.0,690.0,0.104
691.0,0.0,691.0,0.104
692.0,0.0,692.0,0.104
693.0,0.0,693.0,0.0927
694.0,0.521,694.0,0.0927
695.0,0.0,695.0,0.104
696.0,0.521,696.0,0.0
697.0,0.0,697.0,0.0
698.0,0.521,698.0,0.0
699.0,0.0,699.0,0.0
700.0,0.0,700.0,0.0463
701.0,0.0,701.0,0.0
702.0,0.0,702.0,0.0579
703.0,0.0,703.0,0.162
704.0,0.0,704.0,0.151
705.0,0.0,705.0,0.151
706.0,0.0,706.0,0.116
707.0,0.0,707.0,0.127
708.0,0.0,708.0,0.185
709.0,0.0,709.0,0.104
710.0,0.521,710.0,0.116
711.0,0.0,711.0,0.139
712.0,0.0,712.0,0.127
713.0,0.0,713.0,0.151
714.0,0.0,714.0,0.151
715.0,0.0,715.0,0.139
716.0,0.521,716.0,0.197
717.0,0.0,717.0,0.151
718.0,0.0,718.0,0.0695
719.0,0.521,719.0,0.0116
720.0,0.521,720.0,0.0
721.0,0.521,721.0,0.0
722.0,0.0,722.0,0.0
723.0,0.0,723.0,0.0463
724.0,0.0,724.0,0.0695
725.0,0.0,725.0,0.197
726.0,0.0,726.0,0.197
727.0,0.0,727.0,0.185
728.0,0.0,728.0,0.185
729.0,0.0,729.0,0.151
730.0,0.0,730.0,0.104
731.0,0.0,731.0,0.0927
732.0,0.0,732.0,0.116
733.0,0.0,733.0,0.104
734.0,0.0,734.0,0.104
735.0,0.0,735.0,0.0927
736.0,0.0,736.0,0.0927
737.0,0.521,737.0,0.0927
738.0,0.0,738.0,0.0927
739.0,0.0,739.0,0.0579
740.0,0.521,740.0,0.0579
741.0,0.521,741.0,0.0579
742.0,0.0,742.0,0.0579
743.0,0.0,743.0,0.0811
744.0,0.521,744.0,0.0811
745.0,0.0,745.0,0.0927
746.0,0.0,746.0,0.0348
747.0,0.0,747.0,0.0116
748.0,0.0,748.0,0.0
749.0,0.0,749.0,0.0
750.0,0.0,750.0,0.0
751.0,0.0,751.0,0.0463
752.0,0.0,752.0,0.0
753.0,0.0,753.0,0.0116
754.0,0.0,754.0,0.151
755.0,0.0,755.0,0.162
756.0,0.0,756.0,0.185
757.0,0.0,757.0,0.197
758.0,0.0,758.0,0.209
759.0,0.0,759.0,0.243
760.0,0.0,760.0,0.116
761.0,0.0,761.0,0.0927
762.0,0.0,762.0,0.116
763.0,0.0,763.0,0.162
764.0,0.0,764.0,0.174
765.0,0.521,765.0,0.162
766.0,0.0,766.0,0.162
767.0,0.521,767.0,0.104
768.0,0.0,768.0,0.0695
769.0,0.521,769.0,0.0579
770.0,0.521,770.0,0.0
771.0,0.521,771.0,0.0
772.0,0.0,772.0,0.0
773.0,0.0,773.0,0.0
774.0,0.0,774.0,0.0
775.0,0.0,775.0,0.0
776.0,0.0,776.0,0.0348
777.0,0.0,777.0,0.0116
778.0,0.0,778.0,0.0
779.0,0.0,779.0,0.0
780.0,0.0,780.0,0.0811
781.0,0.0,781.0,0.151
782.0,0.0,782.0,0.116
783.0,0.0,783.0,0.127
784.0,0.0,784.0,0.127
785.0,0.0,785.0,0.127
786.0,0.0,786.0,0.116
787.0,0.0,787.0,0.116
788.0,0.0,788.0,0.127
789.0,0.0,789.0,0.162
790.0,0.0,790.0,0.348
791.0,0.0,791.0,0.405
792.0,0.0,792.0,0.266
793.0,0.0,793.0,0.0695
794.0,0.521,794.0,0.0
795.0,1.04,795.0,0.0
796.0,0.521,796.0,0.0
797.0,0.0,797.0,0.0116
798.0,0.0,798.0,0.0348
799.0,0.0,799.0,0.0
800.0,0.0,800.0,0.0116
801.0,0.0,801.0,0.0811
802.0,0.0,802.0,0.0811
803.0,0.0,803.0,0.0927
804.0,0.0,804.0,0.127
805.0,0.0,805.0,0.151
806.0,0.0,806.0,0.162
807.0,0.0,807.0,0.151
808.0,0.0,808.0,0.162
809.0,0.0,809.0,0.0927
810.0,0.0,810.0,0.0579
811.0,0.521,811.0,0.0232
812.0,0.0,812.0,0.0695
813.0,0.521,813.0,0.0
814.0,0.0,814.0,0.0
815.0,0.0,815.0,0.0
816.0,0.521,816.0,0.0
817.0,0.0,817.0,0.0348
818.0,0.0,818.0,0.0116
819.0,0.0,819.0,0.0116
820.0,0.0,820.0,0.127
821.0,0.0,821.0,0.139
822.0,0.0,822.0,0.127
823.0,0.0,823.0,0.104
824.0,0.0,824.0,0.104
825.0,0.0,825.0,0.104
826.0,0.0,826.0,0.116
827.0,0.0,827.0,0.104
828.0,0.0,828.0,0.116
829.0,0.0,829.0,0.127
830.0,0.0,830.0,0.0695
831.0,0.0,831.0,0.0695
832.0,0.521,832.0,0.0695
833.0,0.0,833.0,0.0811
834.0,0.0,834.0,0.104
835.0,0.521,835.0,0.0695
836.0,0.0,836.0,0.0116
837.0,0.521,837.0,0.0
838.0,0.0,838.0,0.0348
839.0,0.0,839.0,0.0348
840.0,0.0,840.0,0.116
841.0,0.0,841.0,0.127
842.0,0.0,842.0,0.127
843.0,0.0,843.0,0.127
844.0,0.0,844.0,0.151
845.0,0.521,845.0,0.127
846.0,0.0,846.0,0.0695
847.0,0.0,847.0,0.0579
848.0,0.521,848.0,0.116
849.0,0.0,849.0,0.104
850.0,0.0,850.0,0.0232
851.0,0.0,851.0,0.0463
852.0,0.521,852.0,0.0811
853.0,0.0,853.0,0.104
854.0,0.0,854.0,0.0116
855.0,0.0,855.0,0.0
856.0,0.0,856.0,0.0116
857.0,0.0,857.0,0.0348
858.0,0.0,858.0,0.0
859.0,0.0,859.0,0.127
860.0,0.0,860.0,0.162
861.0,0.0,861.0,0.0927
862.0,0.0,862.0,0.0927
863.0,0.0,863.0,0.116
864.0,0.0,864.0,0.104
865.0,0.0,865.0,0.104
866.0,0.0,866.0,0.104
867.0,0.0,867.0,0.0927
868.0,0.0,868.0,0.116
869.0,0.521,869.0,0.209
870.0,0.0,870.0,0.174
871.0,0.0,871.0,0.0927
872.0,0.521,872.0,0.0
873.0,0.0,873.0,0.0
874.0,0.0,874.0,0.0
875.0,0.521,875.0,0.0
876.0,0.0,876.0,0.0463
877.0,0.0,877.0,0.0
878.0,0.0,878.0,0.0
879.0,0.0,879.0,0.0811
880.0,0.0,880.0,0.116
881.0,0.0,881.0,0.0927
882.0,0.0,882.0,0.0695
883.0,0.0,883.0,0.139
884.0,0.521,884.0,0.127
885.0,0.0,885.0,0.139
886.0,0.0,886.0,0.162
887.0,0.0,887.0,0.197
888.0,0.0,888.0,0.116
889.0,0.521,889.0,0.0
890.0,0.0,890.0,0.0
891.0,0.521,891.0,0.0
892.0,0.0,892.0,0.0
893.0,0.0,893.0,0.0463
894.0,0.0,894.0,0.0
895.0,0.0,895.0,0.0
896.0,0.0,896.0,0.0
897.0,0.0,897.0,0.0
898.0,0.0,898.0,0.0232
899.0,0.0,899.0,0.174
900.0,0.0,900.0,0.139
901.0,0.0,901.0,0.151
902.0,0.0,902.0,0.151
903.0,0.0,903.0,0.151
904.0,0.521,904.0,0.151
905.0,0.0,905.0,0.0811
906.0,0.0,906.0,0.0811
907.0,0.0,907.0,0.0927
908.0,0.0,908.0,0.0811
909.0,0.0,909.0,0.0695
910.0,0.0,910.0,0.0811
911.0,0.521,911.0,0.0811
912.0,0.0,912.0,0.0348
913.0,0.0,913.0,0.0695
914.0,0.0,914.0,0.0463
915.0,0.0,915.0,0.0927
916.0,0.0,916.0,0.0116
917.0,0.521,917.0,0.0
918.0,0.0,918.0,0.0
919.0,0.0,919.0,0.0
920.0,0.0,920.0,0.0
921.0,0.0,921.0,0.0463
922.0,0.0,922.0,0.0
923.0,0.0,923.0,0.0
924.0,0.0,924.0,0.0
925.0,0.0,925.0,0.0
926.0,0.0,926.0,0.0463
927.0,0.0,927.0,0.104
928.0,0.0,928.0,0.0811
929.0,0.0,929.0,0.104
930.0,0.0,930.0,0.0811
931.0,0.0,931.0,0.116
932.0,0.0,932.0,0.139
933.0,0.0,933.0,0.116
934.0,0.0,934.0,0.139
935.0,0.0,935.0,0.139
936.0,0.521,936.0,0.151
937.0,0.521,937.0,0.151
938.0,0.521,938.0,0.0695
939.0,0.0,939.0,0.0
940.0,0.0,940.0,0.0
941.0,0.0,941.0,0.0463
942.0,0.0,942.0,0.0
943.0,0.0,943.0,0.104
944.0,0.0,944.0,0.127
945.0,0.0,945.0,0.116
946.0,0.0,946.0,0.104
947.0,0.0,947.0,0.116
948.0,0.0,948.0,0.116
949.0,0.0,949.0,0.104
950.0,0.0,950.0,0.0927
951.0,0.0,951.0,0.0927
952.0,0.0,952.0,0.104
953.0,0.0,953.0,0.0463
954.0,0.521,954.0,0.0348
955.0,0.0,955.0,0.0811
956.0,0.521,956.0,0.104
957.0,0.0,957.0,0.0695
958.0,0.521,958.0,0.0
959.0,0.0,959.0,0.0463
960.0,0.0,960.0,0.0116
961.0,0.0,961.0,0.0695
962.0,0.0,962.0,0.104
963.0,0.0,963.0,0.116
964.0,0.0,964.0,0.0811
965.0,0.0,965.0,0.0695
966.0,0.0,966.0,0.104
967.0,0.0,967.0,0.104
968.0,0.0,968.0,0.0927
969.0,0.0,969.0,0.0811
970.0,0.0,970.0,0.0927
971.0,0.0,971.0,0.0927
972.0,0.0,972.0,0.0695
973.0,0.521,973.0,0.0348
974.0,0.0,974.0,0.0348
975.0,0.521,975.0,0.0695
976.0,0.0,976.0,0.0579
977.0,0.0,977.0,0.0811
978.0,0.0,978.0,0.0579
979.0,0.521,979.0,0.0
980.0,0.0,980.0,0.0
981.0,0.0,981.0,0.0
982.0,0.0,982.0,0.0463
983.0,0.0,983.0,0.0
984.0,0.0,984.0,0.0
985.0,0.0,985.0,0.116
986.0,0.0,986.0,0.104
987.0,0.0,987.0,0.116
988.0,0.0,988.0,0.104
989.0,0.0,989.0,0.116
990.0,0.0,990.0,0.0927
991.0,0.0,991.0,0.104
992.0,0.0,992.0,0.127
993.0,0.0,993.0,0.116
994.0,0.0,994.0,0.104
995.0,0.0,995.0,0.116
996.0,0.0,996.0,0.104
997.0,0.0,997.0,0.116
998.0,1.04,998.0,0.116
999.0,0.0,999.0,0.116
1000.0,0.521,1000.0,0.104
1001.0,0.0,1001.0,0.0695
1002.0,0.0,1002.0,0.0811
1003.0,0.0,1003.0,0.0463
1004.0,0.0,1004.0,0.0
1005.0,0.0,1005.0,0.0116
1006.0,0.0,1006.0,0.0695
1007.0,0.0,1007.0,0.0695
1008.0,0.0,1008.0,0.0695
1009.0,0.0,1009.0,0.0579
1010.0,0.0,1010.0,0.0579
1011.0,0.0,1011.0,0.104
1012.0,0.0,1012.0,0.116
1013.0,0.521,1013.0,0.151
1014.0,0.0,1014.0,0.0695
1015.0,0.0,1015.0,0.0232
1016.0,0.0,1016.0,0.0695
1017.0,0.521,1017.0,0.0811
1018.0,0.0,1018.0,0.151
1019.0,0.521,1019.0,0.0579
1020.0,0.0,1020.0,0.0
1021.0,0.0,1021.0,0.0
1022.0,0.0,1022.0,0.0
1023.0,0.0,1023.0,0.0
1024.0,0.0,1024.0,0.0463
1025.0,0.0,1025.0,0.0
1026.0,0.0,1026.0,0.0
1027.0,0.0,1027.0,0.0
1028.0,0.0,1028.0,0.0232
1029.0,0.0,1029.0,0.243
1030.0,0.0,1030.0,0.139
1031.0,0.0,1031.0,0.0927
1032.0,0.0,1032.0,0.116
1033.0,0.0,1033.0,0.116
1034.0,0.0,1034.0,0.104
1035.0,0.0,1035.0,0.0927
1036.0,0.0,1036.0,0.0811
1037.0,0.0,1037.0,0.0579
1038.0,0.0,1038.0,0.0811
1039.0,0.0,1039.0,0.0579
1040.0,0.0,1040.0,0.0811
1041.0,0.0,1041.0,0.0695
1042.0,0.0,1042.0,0.0695
1043.0,0.521,1043.0,0.0927
1044.0,0.0,1044.0,0.0927
1045.0,0.0,1045.0,0.104
1046.0,0.0,1046.0,0.0927
1047.0,0.0,1047.0,0.139
1048.0,0.521,1048.0,0.151
1049.0,0.0,1049.0,0.185
1050.0,0.521,1050.0,0.139
1051.0,0.521,1051.0,0.22
1052.0,0.0,1052.0,0.209
1053.0,0.521,1053.0,0.0
1054.0,0.0,1054.0,0.0
1055.0,0.0,1055.0,0.0463
1056.0,0.0,1056.0,0.0
1057.0,0.0,1057.0,0.0
1058.0,0.0,1058.0,0.0
1059.0,0.0,1059.0,0.0
1060.0,0.0,1060.0,0.0348
1061.0,0.0,1061.0,0.0579
1062.0,0.0,1062.0,0.0463
1063.0,0.0,1063.0,0.0579
1064.0,0.0,1064.0,0.0463
1065.0,0.0,1065.0,0.0695
1066.0,0.0,1066.0,0.0927
1067.0,0.0,1067.0,0.139
1068.0,0.521,1068.0,0.197
1069.0,0.0,1069.0,0.197
1070.0,0.521,1070.0,0.162
1071.0,0.0,1071.0,0.0579
1072.0,0.521,1072.0,0.0463
1073.0,0.0,1073.0,0.0
1074.0,0.0,1074.0,0.0
1075.0,0.0,1075.0,0.0348
1076.0,0.0,1076.0,0.0116
1077.0,0.0,1077.0,0.0
1078.0,0.0,1078.0,0.0
1079.0,0.0,1079.0,0.0811
1080.0,0.0,1080.0,0.0927
1081.0,0.0,1081.0,0.127
1082.0,0.0,1082.0,0.162
1083.0,0.0,1083.0,0.185
1084.0,0.0,1084.0,0.266
1085.0,0.0,1085.0,0.255
1086.0,0.0,1086.0,0.116
1087.0,0.521,1087.0,0.116
1088.0,0.521,1088.0,0.0579
1089.0,0.0,1089.0,0.0
1090.0,0.521,1090.0,0.0
1091.0,0.0,1091.0,0.0
1092.0,0.0,1092.0,0.0348
1093.0,0.0,1093.0,0.0116
1094.0,0.0,1094.0,0.0
1095.0,0.0,1095.0,0.0116
1096.0,0.0,1096.0,0.0811
1097.0,0.0,1097.0,0.0695
1098.0,0.0,1098.0,0.0579
1099.0,0.0,1099.0,0.0579
1100.0,0.0,1100.0,0.0695
1101.0,0.0,1101.0,0.0695
1102.0,0.0,1102.0,0.0811
1103.0,0.0,1103.0,0.0927
1104.0,0.0,1104.0,0.104
1105.0,0.0,1105.0,0.104
1106.0,0.0,1106.0,0.104
1107.0,0.0,1107.0,0.127
1108.0,0.0,1108.0,0.174
1109.0,0.521,1109.0,0.162
1110.0,0.0,1110.0,0.116
1111.0,0.521,1111.0,0.151
1112.0,0.0,1112.0,0.197
1113.0,0.521,1113.0,0.139
1114.0,0.0,1114.0,0.0
1115.0,0.0,1115.0,0.0
1116.0,0.0,1116.0,0.0116
1117.0,0.0,1117.0,0.0348
1118.0,0.0,1118.0,0.0
1119.0,0.0,1119.0,0.0
1120.0,0.0,1120.0,0.0
1121.0,0.0,1121.0,0.0
1122.0,0.0,1122.0,0.0348
1123.0,0.0,1123.0,0.116
1124.0,0.0,1124.0,0.127
1125.0,0.0,1125.0,0.139
1126.0,0.0,1126.0,0.151
1127.0,0.0,1127.0,0.139
1128.0,0.0,1128.0,0.127
1129.0,0.0,1129.0,0.197
1130.0,0.0,1130.0,0.475
1131.0,1.04,1131.0,0.116
1132.0,1.04,1132.0,0.0
1133.0,0.0,1133.0,0.0463
1134.0,0.0,1134.0,0.0
1135.0,0.0,1135.0,0.0232
1136.0,0.0,1136.0,0.104
1137.0,0.0,1137.0,0.0927
1138.0,0.0,1138.0,0.104
1139.0,0.0,1139.0,0.0927
1140.0,0.0,1140.0,0.0927
1141.0,0.0,1141.0,0.0695
1142.0,0.0,1142.0,0.0579
1143.0,0.0,1143.0,0.0811
1144.0,0.0,1144.0,0.0811
1145.0,0.0,1145.0,0.0811
1146.0,0.0,1146.0,0.232
1147.0,0.521,1147.0,0.0811
1148.0,0.521,1148.0,0.0348
1149.0,0.0,1149.0,0.0463
1150.0,0.0,1150.0,0.0
1151.0,0.0,1151.0,0.0232
1152.0,0.0,1152.0,0.0232
1153.0,0.0,1153.0,0.0348
1154.0,0.0,1154.0,0.127
1155.0,0.0,1155.0,0.0927
1156.0,0.0,1156.0,0.104
1157.0,0.0,1157.0,0.104
1158.0,0.0,1158.0,0.0927
1159.0,0.0,1159.0,0.0695
1160.0,0.0,1160.0,0.0927
1161.0,0.0,1161.0,0.127
1162.0,0.0,1162.0,0.151
1163.0,0.521,1163.0,0.174
1164.0,0.0,1164.0,0.266
1165.0,0.521,1165.0,0.0927
1166.0,0.521,1166.0,0.0927
1167.0,0.0,1167.0,0.104
1168.0,0.0,1168.0,0.0811
1169.0,0.521,1169.0,0.0695
1170.0,0.0,1170.0,0.0
1171.0,0.0,1171.0,0.0
1172.0,0.0,1172.0,0.0
1173.0,0.0,1173.0,0.0
1174.0,0.0,1174.0,0.0
1175.0,0.0,1175.0,0.0
1176.0,0.0,1176.0,0.0
1177.0,0.0,1177.0,0.0463
1178.0,0.0,1178.0,0.0
1179.0,0.0,1179.0,0.0
1180.0,0.0,1180.0,0.0116
1181.0,0.0,1181.0,0.278
1182.0,0.0,1182.0,0.22
1183.0,0.0,1183.0,0.116
1184.0,0.0,1184.0,0.0927
1185.0,0.0,1185.0,0.0927
1186.0,0.0,1186.0,0.104
1187.0,0.0,1187.0,0.0927
1188.0,0.0,1188.0,0.0811
1189.0,0.0,1189.0,0.104
1190.0,0.0,1190.0,0.0811
1191.0,0.0,1191.0,0.0811
1192.0,0.521,1192.0,0.0579
1193.0,0.0,1193.0,0.0695
1194.0,0.0,1194.0,0.0579
1195.0,0.0,1195.0,0.0927
1196.0,0.0,1196.0,0.0579
1197.0,0.0,1197.0,0.0579
1198.0,0.521,1198.0,0.0579
1199.0,0.0,1199.0,0.0695
1200.0,0.0,1200.0,0.127
1201.0,0.0,1201.0,0.44
1202.0,0.521,1202.0,0.371
1203.0,0.521,1203.0,0.0
1204.0,0.521,1204.0,0.0116
1205.0,0.0,1205.0,0.0348
1206.0,0.0,1206.0,0.0
1207.0,0.0,1207.0,0.0
1208.0,0.0,1208.0,0.0
1209.0,0.0,1209.0,0.0348
1210.0,0.0,1210.0,0.162
1211.0,0.0,1211.0,0.162
1212.0,0.0,1212.0,0.185
1213.0,0.0,1213.0,0.116
1214.0,0.521,1214.0,0.0927
1215.0,0.0,1215.0,0.0695
1216.0,0.0,1216.0,0.0579
1217.0,0.0,1217.0,0.104
1218.0,0.0,1218.0,0.0927
1219.0,0.0,1219.0,0.162
1220.0,0.0,1220.0,0.162
1221.0,0.521,1221.0,0.232
1222.0,0.0,1222.0,0.417
1223.0,1.04,1223.0,0.313
1224.0,0.0,1224.0,0.151
1225.0,0.521,1225.0,0.139
1226.0,0.0,1226.0,0.0811
1227.0,0.521,1227.0,0.0348
1228.0,0.0,1228.0,0.0116
1229.0,0.0,1229.0,0.0
1230.0,0.0,1230.0,0.0
1231.0,0.0,1231.0,0.0695
1232.0,0.0,1232.0,0.0927
1233.0,0.0,1233.0,0.0695
1234.0,0.0,1234.0,0.116
1235.0,0.0,1235.0,0.104
1236.0,0.0,1236.0,0.139
1237.0,0.0,1237.0,0.139
1238.0,0.0,1238.0,0.116
1239.0,0.521,1239.0,0.139
1240.0,0.0,1240.0,0.278
1241.0,0.521,1241.0,0.162
1242.0,0.0,1242.0,0.0811
1243.0,0.0,1243.0,0.116
1244.0,0.521,1244.0,0.0927
1245.0,0.0,1245.0,0.104
1246.0,0.0,1246.0,0.151
1247.0,0.0,1247.0,0.0927
1248.0,0.0,1248.0,0.0695
1249.0,0.0,1249.0,0.0927
1250.0,0.521,1250.0,0.127
1251.0,0.0,1251.0,0.0463
1252.0,0.0,1252.0,0.0579
1253.0,0.0,1253.0,0.0463
1254.0,0.521,1254.0,0.0811
1255.0,0.0,1255.0,0.0348
1256.0,0.0,1256.0,0.0463
1257.0,0.0,1257.0,0.0695
1258.0,0.0,1258.0,0.127
1259.0,0.0,1259.0,0.116
1260.0,0.0,1260.0,0.104
1261.0,0.0,1261.0,0.0927
1262.0,0.521,1262.0,0.0927
1263.0,0.0,1263.0,0.0811
1264.0,0.0,1264.0,0.0695
1265.0,0.0,1265.0,0.116
1266.0,0.0,1266.0,0.0811
1267.0,0.0,1267.0,0.0579
1268.0,0.521,1268.0,0.139
1269.0,0.0,1269.0,0.104
1270.0,0.0,1270.0,0.0
1271.0,0.0,1271.0,0.0463
1272.0,0.0,1272.0,0.104
1273.0,0.521,1273.0,0.174
1274.0,0.0,1274.0,0.116
1275.0,0.0,1275.0,0.162
1276.0,0.0,1276.0,0.104
1277.0,0.0,1277.0,0.104
1278.0,0.0,1278.0,0.0927
1279.0,0.521,1279.0,0.116
1280.0,0.0,1280.0,0.104
1281.0,0.0,1281.0,0.0579
1282.0,0.0,1282.0,0.116
1283.0,0.0,1283.0,0.0927
1284.0,0.521,1284.0,0.0579
1285.0,0.0,1285.0,0.0695
1286.0,0.0,1286.0,0.0463
1287.0,0.0,1287.0,0.0463
1288.0,0.0,1288.0,0.0695
1289.0,0.0,1289.0,0.162
1290.0,0.521,1290.0,0.151
1291.0,0.0,1291.0,0.116
1292.0,0.0,1292.0,0.116
1293.0,0.0,1293.0,0.0927
1294.0,0.0,1294.0,0.139
1295.0,0.0,1295.0,0.139
1296.0,0.521,1296.0,0.151
1297.0,0.0,1297.0,0.151
1298.0,0.0,1298.0,0.127
1299.0,0.521,1299.0,0.151
1300.0,0.0,1300.0,0.104
1301.0,0.0,1301.0,0.116
1302.0,0.521,1302.0,0.0348
1303.0,0.0,1303.0,0.0463
1304.0,0.0,1304.0,0.0116
1305.0,0.0,1305.0,0.151
1306.0,0.0,1306.0,0.151
1307.0,0.0,1307.0,0.127
1308.0,0.0,1308.0,0.127
1309.0,0.0,1309.0,0.116
1310.0,0.521,1310.0,0.104
1311.0,0.0,1311.0,0.116
1312.0,0.0,1312.0,0.104
1313.0,0.0,1313.0,0.209
1314.0,0.521,1314.0,0.151
1315.0,0.0,1315.0,0.139
1316.0,0.0,1316.0,0.139
1317.0,0.521,1317.0,0.139
1318.0,0.0,1318.0,0.0811
1319.0,0.0,1319.0,0.0463
1320.0,0.521,1320.0,0.0579
1321.0,0.0,1321.0,0.116
1322.0,0.0,1322.0,0.0927
1323.0,0.0,1323.0,0.127
1324.0,0.0,1324.0,0.104
1325.0,0.0,1325.0,0.127
1326.0,0.0,1326.0,0.139
1327.0,0.0,1327.0,0.127
1328.0,0.521,1328.0,0.139
1329.0,0.0,1329.0,0.116
1330.0,0.0,1330.0,0.127
1331.0,0.0,1331.0,0.139
1332.0,0.521,1332.0,0.104
1333.0,0.521,1333.0,0.0811
1334.0,0.0,1334.0,0.0463
1335.0,0.0,1335.0,0.0348
1336.0,0.0,1336.0,0.139
1337.0,0.0,1337.0,0.116
1338.0,0.0,1338.0,0.116
1339.0,0.0,1339.0,0.139
1340.0,0.0,1340.0,0.139
1341.0,0.0,1341.0,0.104
1342.0,0.521,1342.0,0.116
1343.0,0.0,1343.0,0.139
1344.0,0.0,1344.0,0.104
1345.0,0.0,1345.0,0.0811
1346.0,0.521,1346.0,0.104
1347.0,0.0,1347.0,0.0811
1348.0,0.0,1348.0,0.0811
1349.0,0.521,1349.0,0.0348
1350.0,0.0,1350.0,0.0116
1351.0,0.0,1351.0,0.0348
1352.0,0.0,1352.0,0.0579
1353.0,0.0,1353.0,0.0811
1354.0,0.0,1354.0,0.0927
1355.0,0.0,1355.0,0.0811
1356.0,0.0,1356.0,0.116
1357.0,0.0,1357.0,0.104
1358.0,0.0,1358.0,0.116
1359.0,0.0,1359.0,0.104
1360.0,0.521,1360.0,0.139
1361.0,0.0,1361.0,0.162
1362.0,0.0,1362.0,0.151
1363.0,0.521,1363.0,0.127
1364.0,0.0,1364.0,0.0348
1365.0,0.0,1365.0,0.0463
1366.0,0.0,1366.0,0.0232
1367.0,0.0,1367.0,0.0811
1368.0,0.0,1368.0,0.116
1369.0,0.0,1369.0,0.0811
1370.0,0.0,1370.0,0.104
1371.0,0.0,1371.0,0.104
1372.0,0.521,1372.0,0.0927
1373.0,0.0,1373.0,0.0811
1374.0,0.0,1374.0,0.116
1375.0,0.0,1375.0,0.127
1376.0,0.0,1376.0,0.139
1377.0,0.521,1377.0,0.0811
1378.0,0.521,1378.0,0.139
1379.0,0.0,1379.0,0.0348
1380.0,0.0,1380.0,0.0463
1381.0,0.0,1381.0,0.0348
1382.0,0.0,1382.0,0.0811
1383.0,0.0,1383.0,0.0927
1384.0,0.0,1384.0,0.0695
1385.0,0.0,1385.0,0.104
1386.0,0.0,1386.0,0.0811
1387.0,0.0,1387.0,0.0811
1388.0,0.0,1388.0,0.116
1389.0,0.521,1389.0,0.116
1390.0,0.0,1390.0,0.127
1391.0,0.0,1391.0,0.0811
1392.0,0.521,1392.0,0.0579
1393.0,0.0,1393.0,0.127
1394.0,0.0,1394.0,0.104
1395.0,0.521,1395.0,0.0
1396.0,0.0,1396.0,0.0463
1397.0,0.0,1397.0,0.0579
1398.0,0.0,1398.0,0.116
1399.0,0.0,1399.0,0.116
1400.0,0.0,1400.0,0.0811
1401.0,0.0,1401.0,0.0927
1402.0,0.0,1402.0,0.0811
1403.0,0.0,1403.0,0.0579
1404.0,0.0,1404.0,0.0695
1405.0,0.0,1405.0,0.0232
1406.0,0.521,1406.0,0.0348
1407.0,0.0,1407.0,0.0579
1408.0,0.0,1408.0,0.0463
1409.0,0.0,1409.0,0.0579
1410.0,0.0,1410.0,0.0695
1411.0,0.0,1411.0,0.0695
1412.0,0.521,1412.0,0.0116
1413.0,0.0,1413.0,0.0
1414.0,0.0,1414.0,0.0116
1415.0,0.0,1415.0,0.0348
1416.0,0.0,1416.0,0.197
1417.0,0.0,1417.0,0.139
1418.0,0.0,1418.0,0.0927
1419.0,0.0,1419.0,0.0811
1420.0,0.0,1420.0,0.0695
1421.0,0.0,1421.0,0.0695
1422.0,0.0,1422.0,0.0579
1423.0,0.521,1423.0,0.0811
1424.0,0.0,1424.0,0.0579
1425.0,0.0,1425.0,0.0463
1426.0,0.0,1426.0,0.0463
1427.0,0.0,1427.0,0.0348
1428.0,0.0,1428.0,0.0579
1429.0,0.0,1429.0,0.0927
1430.0,0.521,1430.0,0.0695
1431.0,0.0,1431.0,0.0695
1432.0,0.0,1432.0,0.0116
1433.0,0.0,1433.0,0.0
1434.0,0.0,1434.0,0.0463
1435.0,0.0,1435.0,0.104
1436.0,0.0,1436.0,0.127
1437.0,0.0,1437.0,0.139
1438.0,0.0,1438.0,0.127
1439.0,0.521,1439.0,0.104
1440.0,0.0,1440.0,0.104
1441.0,0.0,1441.0,0.104
1442.0,0.0,1442.0,0.139
1443.0,0.521,1443.0,0.0927
1444.0,0.0,1444.0,0.0811
1445.0,0.0,1445.0,0.139
1446.0,0.0,1446.0,0.0811
1447.0,0.521,1447.0,0.0927
1448.0,0.0,1448.0,0.0695
1449.0,0.0,1449.0,0.0811
1450.0,0.0,1450.0,0.0116
1451.0,0.0,1451.0,0.0
1452.0,0.0,1452.0,0.0463
1453.0,0.0,1453.0,0.0
1454.0,0.0,1454.0,0.0
1455.0,0.0,1455.0,0.0
1456.0,0.0,1456.0,0.0811
1457.0,0.0,1457.0,0.127
1458.0,0.0,1458.0,0.0927
1459.0,0.0,1459.0,0.116
1460.0,0.0,1460.0,0.104
1461.0,0.0,1461.0,0.0811
1462.0,0.521,1462.0,0.151
1463.0,0.0,1463.0,0.174
1464.0,0.0,1464.0,0.104
1465.0,0.521,1465.0,0.127
1466.0,0.0,1466.0,0.185
1467.0,0.521,1467.0,0.104
1468.0,0.0,1468.0,0.0
1469.0,0.0,1469.0,0.0348
1470.0,0.0,1470.0,0.0116
1471.0,0.0,1471.0,0.0
1472.0,0.0,1472.0,0.0116
1473.0,0.0,1473.0,0.0927
1474.0,0.0,1474.0,0.116
1475.0,0.0,1475.0,0.0927
1476.0,0.0,1476.0,0.0811
1477.0,0.0,1477.0,0.127
1478.0,0.521,1478.0,0.104
1479.0,0.0,1479.0,0.0927
1480.0,0.0,1480.0,0.104
1481.0,0.0,1481.0,0.0927
1482.0,0.0,1482.0,0.116
1483.0,0.521,1483.0,0.162
1484.0,0.0,1484.0,0.209
1485.0,0.521,1485.0,0.0
1486.0,0.0,1486.0,0.0
1487.0,0.0,1487.0,0.0
1488.0,0.0,1488.0,0.0463
1489.0,0.0,1489.0,0.0
1490.0,0.0,1490.0,0.0
1491.0,0.0,1491.0,0.0695
1492.0,0.0,1492.0,0.0927
1493.0,0.0,1493.0,0.116
1494.0,0.0,1494.0,0.0811
1495.0,0.0,1495.0,0.0579
1496.0,0.0,1496.0,0.0927
1497.0,0.0,1497.0,0.0811
1498.0,0.0,1498.0,0.104
1499.0,0.0,1499.0,0.0927
1500.0,0.521,1500.0,0.174
1501.0,0.0,1501.0,0.151
1502.0,0.0,1502.0,0.139
1503.0,0.521,1503.0,0.151
1504.0,0.521,1504.0,0.0
1505.0,0.0,1505.0,0.0
1506.0,0.0,1506.0,0.0116
1507.0,0.0,1507.0,0.0348
1508.0,0.0,1508.0,0.0
1509.0,0.0,1509.0,0.0463
1510.0,0.0,1510.0,0.104
1511.0,0.0,1511.0,0.0811
1512.0,0.0,1512.0,0.0927
1513.0,0.0,1513.0,0.0695
1514.0,0.0,1514.0,0.0695
1515.0,0.0,1515.0,0.104
1516.0,0.0,1516.0,0.0927
1517.0,0.0,1517.0,0.0927
1518.0,0.0,1518.0,0.104
1519.0,0.0,1519.0,0.0927
1520.0,0.0,1520.0,0.0927
1521.0,0.521,1521.0,0.151
1522.0,0.0,1522.0,0.139
1523.0,0.521,1523.0,0.209
1524.0,0.521,1524.0,0.232
1525.0,0.0,1525.0,0.0232
1526.0,0.0,1526.0,0.0463
1527.0,0.0,1527.0,0.0
1528.0,0.0,1528.0,0.0463
1529.0,0.0,1529.0,0.0811
1530.0,0.0,1530.0,0.0695
1531.0,0.0,1531.0,0.0695
1532.0,0.0,1532.0,0.0811
1533.0,0.0,1533.0,0.116
1534.0,0.0,1534.0,0.104
1535.0,0.0,1535.0,0.104
1536.0,0.521,1536.0,0.0695
1537.0,0.0,1537.0,0.0579
1538.0,0.0,1538.0,0.0579
1539.0,0.521,1539.0,0.104
1540.0,0.0,1540.0,0.116
1541.0,0.521,1541.0,0.209
1542.0,0.0,1542.0,0.116
1543.0,0.0,1543.0,0.0927
1544.0,0.0,1544.0,0.104
1545.0,0.0,1545.0,0.0463
1546.0,0.0,1546.0,0.0232
1547.0,0.0,1547.0,0.0579
1548.0,0.0,1548.0,0.0348
1549.0,0.521,1549.0,0.0232
1550.0,0.0,1550.0,0.0232
1551.0,0.0,1551.0,0.0463
1552.0,0.0,1552.0,0.0232
1553.0,0.0,1553.0,0.0232
1554.0,0.0,1554.0,0.0232
1555.0,0.0,1555.0,0.0232
1556.0,0.0,1556.0,0.0116
1557.0,0.0,1557.0,0.0463
1558.0,0.0,1558.0,0.0695
1559.0,0.0,1559.0,0.151
1560.0,0.0,1560.0,0.104
1561.0,0.521,1561.0,0.0927
1562.0,0.0,1562.0,0.0927
1563.0,0.0,1563.0,0.0463
1564.0,0.0,1564.0,0.0811
1565.0,0.0,1565.0,0.104
1566.0,0.0,1566.0,0.0695
1567.0,0.0,1567.0,0.0463
1568.0,0.0,1568.0,0.0463
1569.0,0.521,1569.0,0.0579
1570.0,0.0,1570.0,0.0579
1571.0,0.0,1571.0,0.0463
1572.0,0.0,1572.0,0.0463
1573.0,0.0,1573.0,0.0811
1574.0,0.0,1574.0,0.0
1575.0,0.0,1575.0,0.0463
1576.0,0.521,1576.0,0.0579
1577.0,0.0,1577.0,0.0811
1578.0,0.0,1578.0,0.0811
1579.0,0.0,1579.0,0.0811
1580.0,0.0,1580.0,0.0695
1581.0,0.0,1581.0,0.0695
1582.0,0.0,1582.0,0.104
1583.0,0.0,1583.0,0.0927
1584.0,0.0,1584.0,0.0811
1585.0,0.0,1585.0,0.0927
1586.0,0.521,1586.0,0.0463
1587.0,0.0,1587.0,0.0579
1588.0,0.0,1588.0,0.104
1589.0,0.0,1589.0,0.0927
1590.0,0.521,1590.0,0.139
1591.0,0.0,1591.0,0.0116
1592.0,0.0,1592.0,0.0
1593.0,0.0,1593.0,0.0463
1594.0,0.0,1594.0,0.0463
1595.0,0.0,1595.0,0.0927
1596.0,0.0,1596.0,0.0927
1597.0,0.0,1597.0,0.0927
1598.0,0.0,1598.0,0.0811
1599.0,0.0,1599.0,0.0927
1600.0,0.521,1600.0,0.0811
1601.0,0.0,1601.0,0.0579
1602.0,0.0,1602.0,0.0463
1603.0,0.0,1603.0,0.151
1604.0,0.0,1604.0,0.127
1605.0,0.521,1605.0,0.0579
1606.0,0.0,1606.0,0.0695
1607.0,0.0,1607.0,0.0579
1608.0,0.0,1608.0,0.0116
1609.0,0.0,1609.0,0.0
1610.0,0.0,1610.0,0.0463
1611.0,0.0,1611.0,0.0
1612.0,0.0,1612.0,0.0579
1613.0,0.0,1613.0,0.0579
1614.0,0.0,1614.0,0.0579
1615.0,0.0,1615.0,0.0695
1616.0,0.0,1616.0,0.0695
1617.0,0.521,1617.0,0.0927
1618.0,0.0,1618.0,0.116
1619.0,0.0,1619.0,0.0811
1620.0,0.0,1620.0,0.0811
1621.0,0.0,1621.0,0.0579
1622.0,0.0,1622.0,0.0695
1623.0,0.521,1623.0,0.0695
1624.0,0.0,1624.0,0.0579
1625.0,0.0,1625.0,0.0348
1626.0,0.0,1626.0,0.0463
1627.0,0.0,1627.0,0.0463
1628.0,0.0,1628.0,0.0348
1629.0,0.521,1629.0,0.0
1630.0,0.0,1630.0,0.0463
1631.0,0.0,1631.0,0.0
1632.0,0.0,1632.0,0.116
1633.0,0.0,1633.0,0.127
1634.0,0.0,1634.0,0.0579
1635.0,0.0,1635.0,0.0463
1636.0,0.0,1636.0,0.0579
1637.0,0.0,1637.0,0.0579
1638.0,0.0,1638.0,0.0579
1639.0,0.0,1639.0,0.0695
1640.0,0.521,1640.0,0.0232
1641.0,0.0,1641.0,0.0463
1642.0,0.0,1642.0,0.0695
1643.0,0.0,1643.0,0.0463
1644.0,0.0,1644.0,0.0463
1645.0,0.0,1645.0,0.0927
1646.0,0.0,1646.0,0.0116
1647.0,0.0,1647.0,0.0463
1648.0,0.0,1648.0,0.0463
1649.0,0.0,1649.0,0.0811
1650.0,0.521,1650.0,0.0927
1651.0,0.0,1651.0,0.0579
1652.0,0.0,1652.0,0.0579
1653.0,0.0,1653.0,0.0579
1654.0,0.0,1654.0,0.0695
1655.0,0.0,1655.0,0.0695
1656.0,0.0,1656.0,0.0811
1657.0,0.0,1657.0,0.0695
1658.0,0.0,1658.0,0.0811
1659.0,0.521,1659.0,0.0695
1660.0,0.0,1660.0,0.0927
1661.0,0.0,1661.0,0.0811
1662.0,0.0,1662.0,0.0579
1663.0,0.0,1663.0,0.0695
1664.0,0.521,1664.0,0.0695
1665.0,0.0,1665.0,0.0811
1666.0,0.0,1666.0,0.0579
1667.0,0.0,1667.0,0.0927
1668.0,0.0,1668.0,0.0695
1669.0,0.0,1669.0,0.0695
1670.0,0.0,1670.0,0.0695
1671.0,0.0,1671.0,0.0695
1672.0,0.521,1672.0,0.0811
1673.0,0.0,1673.0,0.0695
1674.0,0.0,1674.0,0.0811
1675.0,0.0,1675.0,0.0232
1676.0,0.0,1676.0,0.0232
1677.0,0.0,1677.0,0.0348
1678.0,0.0,1678.0,0.0695
1679.0,0.0,1679.0,0.0579
1680.0,0.0,1680.0,0.0695
1681.0,0.521,1681.0,0.0695
1682.0,0.0,1682.0,0.0463
1683.0,0.0,1683.0,0.0579
1684.0,0.0,1684.0,0.0811
1685.0,0.0,1685.0,0.0811
1686.0,0.0,1686.0,0.0695
1687.0,0.0,1687.0,0.0579
1688.0,0.0,1688.0,0.0695
1689.0,0.521,1689.0,0.0811
1690.0,0.0,1690.0,0.0927
1691.0,0.0,1691.0,0.0463
1692.0,0.0,1692.0,0.0348
1693.0,0.0,1693.0,0.0463
1694.0,0.0,1694.0,0.0463
1695.0,0.0,1695.0,0.0463
1696.0,0.0,1696.0,0.0579
1697.0,0.0,1697.0,0.0695
1698.0,0.521,1698.0,0.0695
1699.0,0.0,1699.0,0.0463
1700.0,0.0,1700.0,0.0579
1701.0,0.0,1701.0,0.0579
1702.0,0.0,1702.0,0.0348
1703.0,0.0,1703.0,0.0579
1704.0,0.0,1704.0,0.0463
1705.0,0.521,1705.0,0.0695
1706.0,0.0,1706.0,0.0695
1707.0,0.0,1707.0,0.0463
1708.0,0.0,1708.0,0.0463
1709.0,0.0,1709.0,0.0579
1710.0,0.0,1710.0,0.0579
1711.0,0.0,1711.0,0.0579
1712.0,0.0,1712.0,0.0579
1713.0,0.0,1713.0,0.0579
1714.0,0.0,1714.0,0.0695
1715.0,0.0,1715.0,0.0579
1716.0,0.521,1716.0,0.0579
1717.0,0.0,1717.0,0.0463
1718.0,0.0,1718.0,0.0463
1719.0,0.0,1719.0,0.0348
1720.0,0.0,1720.0,0.0348
1721.0,0.0,1721.0,0.0463
1722.0,0.0,1722.0,0.0463
1723.0,0.0,1723.0,0.0579
1724.0,0.0,1724.0,0.0579
1725.0,0.0,1725.0,0.0579
1726.0,0.521,1726.0,0.0463
1727.0,0.0,1727.0,0.0463
1728.0,0.0,1728.0,0.0579
1729.0,0.0,1729.0,0.0579
1730.0,0.0,1730.0,0.0811
1731.0,0.0,1731.0,0.0811
1732.0,0.0,1732.0,0.0927
1733.0,0.521,1733.0,0.0463
1734.0,0.0,1734.0,0.0463
1735.0,0.0,1735.0,0.0579
1736.0,0.0,1736.0,0.0579
1737.0,0.0,1737.0,0.0579
1738.0,0.0,1738.0,0.0579
1739.0,0.0,1739.0,0.0579
1740.0,0.0,1740.0,0.0695
1741.0,0.0,1741.0,0.0579
1742.0,0.0,1742.0,0.0695
1743.0,0.0,1743.0,0.0811
1744.0,0.521,1744.0,0.0811
1745.0,0.0,1745.0,0.0927
1746.0,0.0,1746.0,0.0695
1747.0,0.0,1747.0,0.0463
1748.0,0.0,1748.0,0.0579
1749.0,0.0,1749.0,0.0463
1750.0,0.0,1750.0,0.0579
1751.0,0.521,1751.0,0.0695
1752.0,0.0,1752.0,0.0695
1753.0,0.0,1753.0,0.0695
1754.0,0.0,1754.0,0.0695
1755.0,0.0,1755.0,0.0695
1756.0,0.0,1756.0,0.0811
1757.0,0.0,1757.0,0.0811
1758.0,0.521,1758.0,0.0811
1759.0,0.0,1759.0,0.0695
1760.0,0.0,1760.0,0.0579
1761.0,0.0,1761.0,0.0579
1762.0,0.0,1762.0,0.0811
1763.0,0.0,1763.0,0.0463
1764.0,0.0,1764.0,0.0695
1765.0,0.0,1765.0,0.0463
1766.0,0.521,1766.0,0.0695
1767.0,0.0,1767.0,0.0695
1768.0,0.0,1768.0,0.0695
1769.0,0.0,1769.0,0.0579
1770.0,0.0,1770.0,0.0348
1771.0,0.0,1771.0,0.0463
1772.0,0.0,1772.0,0.0927
1773.0,0.0,1773.0,0.0579
1774.0,0.0,1774.0,0.0579
1775.0,0.521,1775.0,0.0695
1776.0,0.0,1776.0,0.0579
1777.0,0.0,1777.0,0.0579
1778.0,0.0,1778.0,0.0463
1779.0,0.0,1779.0,0.0811
1780.0,0.0,1780.0,0.0348
1781.0,0.0,1781.0,0.0695
1782.0,0.0,1782.0,0.0463
1783.0,0.0,1783.0,0.0579
1784.0,0.521,1784.0,0.0463
1785.0,0.0,1785.0,0.0463
1786.0,0.0,1786.0,0.0348
1787.0,0.0,1787.0,0.0695
1788.0,0.0,1788.0,0.0695
1789.0,0.0,1789.0,0.0695
1790.0,0.0,1790.0,0.0579
1791.0,0.0,1791.0,0.0579
1792.0,0.0,1792.0,0.0695
1793.0,0.0,1793.0,0.0811
1794.0,0.521,1794.0,0.0579
1795.0,0.0,1795.0,0.0579
1796.0,0.0,1796.0,0.0811
1797.0,0.0,1797.0,0.0811
1798.0,0.0,1798.0,0.0695
1799.0,0.0,1799.0,0.0232
1800.0,0.521,1800.0,0.0348
1801.0,0.0,1801.0,0.0695
1802.0,0.0,1802.0,0.0463
1803.0,0.0,1803.0,0.0579
1804.0,0.0,1804.0,0.0695
1805.0,0.0,1805.0,0.0695
1806.0,0.0,1806.0,0.0579
1807.0,0.0,1807.0,0.0695
1808.0,0.0,1808.0,0.0811
1809.0,0.0,1809.0,0.0695
1810.0,0.521,1810.0,0.0811
1811.0,0.0,1811.0,0.0695
1812.0,0.0,1812.0,0.0695
1813.0,0.0,1813.0,0.0463
1814.0,0.0,1814.0,0.0579
1815.0,0.0,1815.0,0.0579
1816.0,0.0,1816.0,0.0579
1817.0,0.0,1817.0,0.0695
1818.0,0.0,1818.0,0.0811
1819.0,0.521,1819.0,0.0579
1820.0,0.0,1820.0,0.0811
1821.0,0.0,1821.0,0.0695
1822.0,0.0,1822.0,0.0811
1823.0,0.0,1823.0,0.0695
1824.0,0.0,1824.0,0.104
1825.0,0.521,1825.0,0.0811
1826.0,0.0,1826.0,0.0579
1827.0,0.0,1827.0,0.0463
1828.0,0.0,1828.0,0.0695
1829.0,0.0,1829.0,0.0579
1830.0,0.0,1830.0,0.0579
1831.0,0.0,1831.0,0.0695
1832.0,0.0,1832.0,0.0695
1833.0,0.521,1833.0,0.0811
1834.0,0.0,1834.0,0.0927
1835.0,0.0,1835.0,0.0695
1836.0,0.0,1836.0,0.0811
1837.0,0.0,1837.0,0.0695
1838.0,0.0,1838.0,0.0811
1839.0,0.521,1839.0,0.0927
1840.0,0.0,1840.0,0.0463
1841.0,0.0,1841.0,0.0811
1842.0,0.0,1842.0,0.0811
1843.0,0.0,1843.0,0.0811
1844.0,0.0,1844.0,0.0695
1845.0,0.0,1845.0,0.0579
1846.0,0.0,1846.0,0.0811
1847.0,0.521,1847.0,0.0811
1848.0,0.0,1848.0,0.0811
1849.0,0.0,1849.0,0.104
1850.0,0.0,1850.0,0.0811
1851.0,0.0,1851.0,0.0927
1852.0,0.521,1852.0,0.104
1853.0,0.0,1853.0,0.0579
1854.0,0.0,1854.0,0.0695
1855.0,0.0,1855.0,0.0811
1856.0,0.0,1856.0,0.0811
1857.0,0.0,1857.0,0.0811
1858.0,0.0,1858.0,0.0927
1859.0,0.521,1859.0,0.0811
1860.0,0.0,1860.0,0.0579
1861.0,0.0,1861.0,0.0927
1862.0,0.0,1862.0,0.0811
1863.0,0.0,1863.0,0.0927
1864.0,0.0,1864.0,0.0927
1865.0,0.521,1865.0,0.104
1866.0,0.0,1866.0,0.0348
1867.0,0.0,1867.0,0.0811
1868.0,0.0,1868.0,0.0811
1869.0,0.0,1869.0,0.0811
1870.0,0.0,1870.0,0.0811
1871.0,0.0,1871.0,0.0927
1872.0,0.521,1872.0,0.0811
1873.0,0.0,1873.0,0.0811
1874.0,0.0,1874.0,0.0811
1875.0,0.0,1875.0,0.0579
1876.0,0.0,1876.0,0.0811
1877.0,0.0,1877.0,0.0927
1878.0,0.0,1878.0,0.0811
1879.0,0.521,1879.0,0.0695
1880.0,0.0,1880.0,0.0811
1881.0,0.0,1881.0,0.0463
1882.0,0.0,1882.0,0.0463
1883.0,0.0,1883.0,0.0695
1884.0,0.0,1884.0,0.0811
1885.0,0.0,1885.0,0.0811
1886.0,0.521,1886.0,0.0695
1887.0,0.0,1887.0,0.0695
1888.0,0.0,1888.0,0.0811
1889.0,0.0,1889.0,0.0811
1890.0,0.0,1890.0,0.0695
1891.0,0.0,1891.0,0.104
1892.0,0.0,1892.0,0.104
1893.0,0.521,1893.0,0.0811
1894.0,0.0,1894.0,0.0463
1895.0,0.0,1895.0,0.0348
1896.0,0.0,1896.0,0.0579
1897.0,0.0,1897.0,0.0579
1898.0,0.0,1898.0,0.0695
1899.0,0.0,1899.0,0.0811
1900.0,0.0,1900.0,0.0811
1901.0,0.521,1901.0,0.0811
1902.0,0.0,1902.0,0.0811
1903.0,0.0,1903.0,0.0811
1904.0,0.0,1904.0,0.0811
1905.0,0.0,1905.0,0.0811
1906.0,0.521,1906.0,0.0811
1907.0,0.0,1907.0,0.0463
1908.0,0.0,1908.0,0.0579
1909.0,0.0,1909.0,0.0695
1910.0,0.0,1910.0,0.0695
1911.0,0.0,1911.0,0.0579
1912.0,0.0,1912.0,0.0695
1913.0,0.0,1913.0,0.0695
1914.0,0.0,1914.0,0.0811
1915.0,0.0,1915.0,0.0811
1916.0,0.521,1916.0,0.0695
1917.0,0.0,1917.0,0.0579
1918.0,0.0,1918.0,0.0579
1919.0,0.0,1919.0,0.116
1920.0,0.521,1920.0,0.0232
1921.0,0.0,1921.0,0.0695
1922.0,0.0,1922.0,0.0811
1923.0,0.0,1923.0,0.0579
1924.0,0.0,1924.0,0.0695
1925.0,0.0,1925.0,0.0579
1926.0,0.0,1926.0,0.0695
1927.0,0.0,1927.0,0.0695
1928.0,0.0,1928.0,0.0579
1929.0,0.0,1929.0,0.0579
1930.0,0.0,1930.0,0.0695
1931.0,0.521,1931.0,0.0463
1932.0,0.0,1932.0,0.0811
1933.0,0.0,1933.0,0.0579
1934.0,0.0,1934.0,0.0579
1935.0,0.0,1935.0,0.0463
1936.0,0.0,1936.0,0.0695
1937.0,0.0,1937.0,0.0695
1938.0,0.0,1938.0,0.0811
1939.0,0.521,1939.0,0.0579
1940.0,0.0,1940.0,0.0579
1941.0,0.0,1941.0,0.0695
1942.0,0.0,1942.0,0.0579
1943.0,0.0,1943.0,0.0579
1944.0,0.0,1944.0,0.0927
1945.0,0.0,1945.0,0.0695
1946.0,0.521,1946.0,0.0579
1947.0,0.0,1947.0,0.0695
1948.0,0.0,1948.0,0.0579
1949.0,0.0,1949.0,0.0463
1950.0,0.0,1950.0,0.0695
1951.0,0.0,1951.0,0.0579
1952.0,0.0,1952.0,0.0579
1953.0,0.0,1953.0,0.0695
1954.0,0.0,1954.0,0.0695
1955.0,0.521,1955.0,0.0695
1956.0,0.0,1956.0,0.0463
1957.0,0.0,1957.0,0.0811
1958.0,0.0,1958.0,0.0811
1959.0,0.0,1959.0,0.0579
1960.0,0.0,1960.0,0.0579
1961.0,0.0,1961.0,0.0579
1962.0,0.521,1962.0,0.0232
1963.0,0.0,1963.0,0.0811
1964.0,0.0,1964.0,0.0579
1965.0,0.0,1965.0,0.0579
1966.0,0.0,1966.0,0.0579
1967.0,0.0,1967.0,0.0811
1968.0,0.0,1968.0,0.0579
1969.0,0.0,1969.0,0.0463
1970.0,0.0,1970.0,0.0811
1971.0,0.0,1971.0,0.0811
1972.0,0.521,1972.0,0.0579
1973.0,0.0,1973.0,0.0811
1974.0,0.0,1974.0,0.0232
1975.0,0.0,1975.0,0.0463
1976.0,0.0,1976.0,0.0579
1977.0,0.0,1977.0,0.0579
1978.0,0.0,1978.0,0.0579
1979.0,0.0,1979.0,0.0695
1980.0,0.0,1980.0,0.0579
1981.0,0.521,1981.0,0.0695
1982.0,0.0,1982.0,0.0579
1983.0,0.0,1983.0,0.0811
1984.0,0.0,1984.0,0.0811
1985.0,0.0,1985.0,0.0579
1986.0,0.0,1986.0,0.0927
1987.0,0.521,1987.0,0.0463
1988.0,0.0,1988.0,0.0463
1989.0,0.0,1989.0,0.0463
1990.0,0.0,1990.0,0.0579
1991.0,0.0,1991.0,0.0579
1992.0,0.0,1992.0,0.0579
1993.0,0.0,1993.0,0.0579
1994.0,0.0,1994.0,0.0811
1995.0,0.0,1995.0,0.0695
1996.0,0.0,1996.0,0.0579
1997.0,0.521,1997.0,0.0695
1998.0,0.0,1998.0,0.0811
1999.0,0.0,1999.0,0.0811
2000.0,0.0,2000.0,0.0579
2001.0,0.0,2001.0,0.0348
2002.0,0.0,2002.0,0.0463
2003.0,0.0,2003.0,0.0695
2004.0,0.0,2004.0,0.0695
2005.0,0.521,2005.0,0.0579
2006.0,0.0,2006.0,0.0579
2007.0,0.0,2007.0,0.0579
2008.0,0.0,2008.0,0.0695
2009.0,0.0,2009.0,0.0579
2010.0,0.0,2010.0,0.0811
2011.0,0.0,2011.0,0.0695
2012.0,0.0,2012.0,0.0579
2013.0,0.521,2013.0,0.0695
2014.0,0.0,2014.0,0.0579
2015.0,0.0,2015.0,0.0463
2016.0,0.0,2016.0,0.0348
2017.0,0.0,2017.0,0.0695
2018.0,0.0,2018.0,0.0579
2019.0,0.0,2019.0,0.0695
2020.0,0.0,2020.0,0.0579
2021.0,0.0,2021.0,0.0463
2022.0,0.521,2022.0,0.0579
2023.0,0.0,2023.0,0.0579
2024.0,0.0,2024.0,0.0811
2025.0,0.0,2025.0,0.0811
2026.0,0.0,2026.0,0.0579
2027.0,0.0,2027.0,0.0463
2028.0,0.0,2028.0,0.0695
2029.0,0.0,2029.0,0.0927
2030.0,0.521,2030.0,0.0348
2031.0,0.0,2031.0,0.0232
2032.0,0.0,2032.0,0.0695
2033.0,0.0,2033.0,0.0579
2034.0,0.0,2034.0,0.0579
2035.0,0.0,2035.0,0.0579
2036.0,0.0,2036.0,0.0695
2037.0,0.0,2037.0,0.0927
2038.0,0.0,2038.0,0.0579
2039.0,0.0,2039.0,0.0579
2040.0,0.521,2040.0,0.0463
2041.0,0.0,2041.0,0.0579
2042.0,0.0,2042.0,0.0695
2043.0,0.0,2043.0,0.0695
2044.0,0.0,2044.0,0.0463
2045.0,0.0,2045.0,0.0348
2046.0,0.0,2046.0,0.0579
2047.0,0.0,2047.0,0.0811
2048.0,0.521,2048.0,0.0695
2049.0,0.0,2049.0,0.0579
2050.0,0.0,2050.0,0.0811
2051.0,0.0,2051.0,0.0695
2052.0,0.0,2052.0,0.0579
2053.0,0.0,2053.0,0.0579
2054.0,0.0,2054.0,0.0695
2055.0,0.0,2055.0,0.0579
2056.0,0.521,2056.0,0.0579
2057.0,0.0,2057.0,0.0579
2058.0,0.0,2058.0,0.0463
2059.0,0.0,2059.0,0.0695
2060.0,0.0,2060.0,0.0579
2061.0,0.0,2061.0,0.0579
2062.0,0.0,2062.0,0.0811
2063.0,0.521,2063.0,0.0927
2064.0,0.0,2064.0,0.0463
2065.0,0.0,2065.0,0.0463
2066.0,0.0,2066.0,0.0695
2067.0,0.0,2067.0,0.0579
2068.0,0.0,2068.0,0.0579
2069.0,0.0,2069.0,0.0695
2070.0,0.0,2070.0,0.0463
2071.0,0.521,2071.0,0.0348
2072.0,0.0,2072.0,0.0463
2073.0,0.0,2073.0,0.0695
2074.0,0.0,2074.0,0.0811
2075.0,0.0,2075.0,0.0927
2076.0,0.0,2076.0,0.0811
2077.0,0.0,2077.0,0.0579
2078.0,0.0,2078.0,0.0463
2079.0,0.0,2079.0,0.0579
2080.0,0.0,2080.0,0.0579
2081.0,0.0,2081.0,0.0695
2082.0,0.521,2082.0,0.0695
2083.0,0.0,2083.0,0.0463
2084.0,0.0,2084.0,0.0579
2085.0,0.0,2085.0,0.0579
2086.0,0.0,2086.0,0.0579
2087.0,0.0,2087.0,0.0348
2088.0,0.0,2088.0,0.0579
2089.0,0.0,2089.0,0.116
2090.0,0.521,2090.0,0.0811
2091.0,0.0,2091.0,0.0695
2092.0,0.0,2092.0,0.0695
2093.0,0.0,2093.0,0.0695
2094.0,0.0,2094.0,0.0463
2095.0,0.0,2095.0,0.0579
2096.0,0.0,2096.0,0.0695
2097.0,0.0,2097.0,0.0811
2098.0,0.0,2098.0,0.0579
2099.0,0.521,2099.0,0.0579
2100.0,0.0,2100.0,0.0695
2101.0,0.0,2101.0,0.104
2102.0,0.0,2102.0,0.0579
2103.0,0.0,2103.0,0.0927
2104.0,0.521,2104.0,0.0579
2105.0,0.0,2105.0,0.0695
2106.0,0.0,2106.0,0.0811
2107.0,0.0,2107.0,0.0695
2108.0,0.0,2108.0,0.0695
2109.0,0.0,2109.0,0.0811
2110.0,0.0,2110.0,0.0579
2111.0,0.0,2111.0,0.0695
2112.0,0.0,2112.0,0.0695
2113.0,0.521,2113.0,0.0579
2114.0,0.0,2114.0,0.0811
2115.0,0.0,2115.0,0.0579
2116.0,0.0,2116.0,0.0579
2117.0,0.0,2117.0,0.104
2118.0,0.0,2118.0,0.0695
2119.0,0.521,2119.0,0.0579
2120.0,0.0,2120.0,0.0695
2121.0,0.0,2121.0,0.0811
2122.0,0.0,2122.0,0.0463
2123.0,0.0,2123.0,0.0695
2124.0,0.0,2124.0,0.0579
2125.0,0.0,2125.0,0.0579
2126.0,0.0,2126.0,0.0463
2127.0,0.0,2127.0,0.0695
2128.0,0.521,2128.0,0.0463
2129.0,0.0,2129.0,0.0811
2130.0,0.0,2130.0,0.0579
2131.0,0.0,2131.0,0.0695
2132.0,0.0,2132.0,0.0579
2133.0,0.0,2133.0,0.0579
2134.0,0.0,2134.0,0.0811
2135.0,0.0,2135.0,0.0579
2136.0,0.521,2136.0,0.0695
2137.0,0.0,2137.0,0.0579
2138.0,0.0,2138.0,0.0463
2139.0,0.0,2139.0,0.0695
2140.0,0.0,2140.0,0.0695
2141.0,0.0,2141.0,0.0463
2142.0,0.0,2142.0,0.0811
2143.0,0.521,2143.0,0.0348
2144.0,0.0,2144.0,0.0695
2145.0,0.0,2145.0,0.0695
2146.0,0.0,2146.0,0.0695
2147.0,0.0,2147.0,0.0695
2148.0,0.0,2148.0,0.0579
2149.0,0.0,2149.0,0.0579
2150.0,0.0,2150.0,0.0579
2151.0,0.0,2151.0,0.0579
2152.0,0.0,2152.0,0.0579
2153.0,0.0,2153.0,0.0579
2154.0,0.521,2154.0,0.0695
2155.0,0.0,2155.0,0.0695
2156.0,0.0,2156.0,0.0695
2157.0,0.0,2157.0,0.0579
2158.0,0.0,2158.0,0.0579
2159.0,0.0,2159.0,0.0579
2160.0,0.0,2160.0,0.0579
2161.0,0.0,2161.0,0.0927
2162.0,0.521,2162.0,0.0579
2163.0,0.0,2163.0,0.0579
2164.0,0.0,2164.0,0.0579
2165.0,0.0,2165.0,0.0695
2166.0,0.0,2166.0,0.0811
2167.0,0.0,2167.0,0.0811
2168.0,0.0,2168.0,0.0695
2169.0,0.521,2169.0,0.116
2170.0,0.0,2170.0,0.0811
2171.0,0.0,2171.0,0.0811
2172.0,0.0,2172.0,0.0927
2173.0,0.0,2173.0,0.0927
2174.0,0.0,2174.0,0.0811
2175.0,0.521,2175.0,0.0811
2176.0,0.0,2176.0,0.0811
2177.0,0.0,2177.0,0.0695
2178.0,0.0,2178.0,0.0927
2179.0,0.0,2179.0,0.0695
2180.0,0.0,2180.0,0.0927
2181.0,0.521,2181.0,0.104
2182.0,0.0,2182.0,0.0579
2183.0,0.0,2183.0,0.116
2184.0,0.0,2184.0,0.0463
2185.0,0.0,2185.0,0.0463
2186.0,0.0,2186.0,0.0811
2187.0,0.0,2187.0,0.0695
2188.0,0.0,2188.0,0.0811
2189.0,0.521,2189.0,0.104
2190.0,0.0,2190.0,0.0579
2191.0,0.0,2191.0,0.0927
2192.0,0.0,2192.0,0.0927
2193.0,0.0,2193.0,0.0695
2194.0,0.0,2194.0,0.0927
2195.0,0.521,2195.0,0.0927
2196.0,0.0,2196.0,0.104
2197.0,0.0,2197.0,0.0348
2198.0,0.0,2198.0,0.0695
2199.0,0.0,2199.0,0.0695
2200.0,0.0,2200.0,0.0695
2201.0,0.521,2201.0,0.0811
2202.0,0.0,2202.0,0.0811
2203.0,0.0,2203.0,0.0927
2204.0,0.0,2204.0,0.0811
2205.0,0.0,2205.0,0.0811
2206.0,0.0,2206.0,0.0927
2207.0,0.0,2207.0,0.0811
2208.0,0.521,2208.0,0.0811
2209.0,0.0,2209.0,0.104
2210.0,0.0,2210.0,0.0811
2211.0,0.0,2211.0,0.0811
2212.0,0.0,2212.0,0.0811
2213.0,0.521,2213.0,0.0811
2214.0,0.0,2214.0,0.0811
2215.0,0.0,2215.0,0.0811
2216.0,0.0,2216.0,0.0927
2217.0,0.0,2217.0,0.0927
2218.0,0.0,2218.0,0.0811
2219.0,0.0,2219.0,0.0927
2220.0,0.521,2220.0,0.0811
2221.0,0.0,2221.0,0.0811
2222.0,0.0,2222.0,0.0927
2223.0,0.0,2223.0,0.0579
2224.0,0.0,2224.0,0.0348
2225.0,0.0,2225.0,0.0811
2226.0,0.521,2226.0,0.0811
2227.0,0.0,2227.0,0.0695
2228.0,0.0,2228.0,0.0927
2229.0,0.0,2229.0,0.0927
2230.0,0.0,2230.0,0.104
2231.0,0.0,2231.0,0.0927
2232.0,0.0,2232.0,0.0811
2233.0,0.521,2233.0,0.0811
2234.0,0.0,2234.0,0.0811
2235.0,0.0,2235.0,0.0927
2236.0,0.0,2236.0,0.0927
2237.0,0.521,2237.0,0.0579
2238.0,0.0,2238.0,0.0463
2239.0,0.0,2239.0,0.0927
2240.0,0.0,2240.0,0.104
2241.0,0.0,2241.0,0.0927
2242.0,0.0,2242.0,0.0695
2243.0,0.0,2243.0,0.0695
2244.0,0.0,2244.0,0.0695
2245.0,0.0,2245.0,0.0927
2246.0,0.0,2246.0,0.116
2247.0,0.521,2247.0,0.116
2248.0,0.0,2248.0,0.0927
2249.0,0.0,2249.0,0.116
2250.0,0.0,2250.0,0.104
2251.0,0.521,2251.0,0.104
2252.0,0.0,2252.0,0.0463
2253.0,0.0,2253.0,0.0695
2254.0,0.0,2254.0,0.0811
2255.0,0.0,2255.0,0.0695
2256.0,0.0,2256.0,0.0811
2257.0,0.0,2257.0,0.0927
2258.0,0.521,2258.0,0.0927
2259.0,0.0,2259.0,0.0811
2260.0,0.0,2260.0,0.0927
2261.0,0.0,2261.0,0.0927
2262.0,0.0,2262.0,0.116
2263.0,0.521,2263.0,0.116
2264.0,0.0,2264.0,0.0811
2265.0,0.0,2265.0,0.0811
2266.0,0.0,2266.0,0.0348
2267.0,0.0,2267.0,0.0463
2268.0,0.0,2268.0,0.0811
2269.0,0.0,2269.0,0.0811
2270.0,0.521,2270.0,0.0927
2271.0,0.0,2271.0,0.0811
2272.0,0.0,2272.0,0.0811
2273.0,0.0,2273.0,0.0927
2274.0,0.0,2274.0,0.0811
2275.0,0.0,2275.0,0.116
2276.0,0.521,2276.0,0.0927
2277.0,0.0,2277.0,0.0927
2278.0,0.0,2278.0,0.0811
2279.0,0.0,2279.0,0.116
2280.0,0.521,2280.0,0.0
2281.0,0.0,2281.0,0.0463
2282.0,0.0,2282.0,0.0348
2283.0,0.0,2283.0,0.0695
2284.0,0.0,2284.0,0.0811
2285.0,0.0,2285.0,0.0811
2286.0,0.0,2286.0,0.0811
2287.0,0.0,2287.0,0.0927
2288.0,0.0,2288.0,0.0927
2289.0,0.0,2289.0,0.0927
2290.0,0.0,2290.0,0.127
2291.0,0.521,2291.0,0.104
2292.0,0.0,2292.0,0.0927
2293.0,0.0,2293.0,0.162
2294.0,0.521,2294.0,0.0
2295.0,0.0,2295.0,0.0463
2296.0,0.0,2296.0,0.0463
2297.0,0.0,2297.0,0.0811
2298.0,0.0,2298.0,0.0927
2299.0,0.0,2299.0,0.0811
2300.0,0.0,2300.0,0.0695
2301.0,0.0,2301.0,0.104
2302.0,0.0,2302.0,0.116
2303.0,0.521,2303.0,0.0695
2304.0,0.0,2304.0,0.0927
2305.0,0.0,2305.0,0.0927
2306.0,0.0,2306.0,0.127
2307.0,0.521,2307.0,0.0927
2308.0,0.0,2308.0,0.0348
2309.0,0.0,2309.0,0.0348
2310.0,0.0,2310.0,0.0695
2311.0,0.0,2311.0,0.0811
2312.0,0.0,2312.0,0.0811
2313.0,0.0,2313.0,0.0695
2314.0,0.0,2314.0,0.0695
2315.0,0.0,2315.0,0.0927
2316.0,0.521,2316.0,0.0927
2317.0,0.0,2317.0,0.0579
2318.0,0.0,2318.0,0.104
2319.0,0.0,2319.0,0.151
2320.0,0.521,2320.0,0.0695
2321.0,0.0,2321.0,0.0927
2322.0,0.0,2322.0,0.0232
2323.0,0.0,2323.0,0.0348
2324.0,0.0,2324.0,0.0695
2325.0,0.0,2325.0,0.0811
2326.0,0.0,2326.0,0.0811
2327.0,0.0,2327.0,0.0811
2328.0,0.0,2328.0,0.0927
2329.0,0.521,2329.0,0.0811
2330.0,0.0,2330.0,0.0811
2331.0,0.0,2331.0,0.0811
2332.0,0.0,2332.0,0.127
2333.0,0.0,2333.0,0.0927
2334.0,0.521,2334.0,0.0811
2335.0,0.0,2335.0,0.0927
2336.0,0.0,2336.0,0.0463
2337.0,0.0,2337.0,0.0232
2338.0,0.0,2338.0,0.104
2339.0,0.0,2339.0,0.0811
2340.0,0.521,2340.0,0.0695
2341.0,0.0,2341.0,0.0927
2342.0,0.0,2342.0,0.0695
2343.0,0.0,2343.0,0.0811
2344.0,0.0,2344.0,0.116
2345.0,0.0,2345.0,0.104
2346.0,0.0,2346.0,0.0811
2347.0,0.0,2347.0,0.0695
2348.0,0.521,2348.0,0.0811
2349.0,0.0,2349.0,0.0695
2350.0,0.0,2350.0,0.0811
2351.0,0.0,2351.0,0.0463
2352.0,0.0,2352.0,0.0463
2353.0,0.521,2353.0,0.104
2354.0,0.0,2354.0,0.0811
2355.0,0.0,2355.0,0.0927
2356.0,0.0,2356.0,0.0927
2357.0,0.0,2357.0,0.0927
2358.0,0.0,2358.0,0.0927
2359.0,0.0,2359.0,0.0695
2360.0,0.521,2360.0,0.0811
2361.0,0.0,2361.0,0.0811
2362.0,0.0,2362.0,0.0811
2363.0,0.0,2363.0,0.0695
2364.0,0.0,2364.0,0.0695
2365.0,0.0,2365.0,0.0695
2366.0,0.521,2366.0,0.0579
2367.0,0.0,2367.0,0.0463
2368.0,0.0,2368.0,0.0
2369.0,0.0,2369.0,0.116
2370.0,0.0,2370.0,0.116
2371.0,0.0,2371.0,0.104
2372.0,0.0,2372.0,0.0927
2373.0,0.0,2373.0,0.0579
2374.0,0.0,2374.0,0.0811
2375.0,0.521,2375.0,0.0579
2376.0,0.0,2376.0,0.0579
2377.0,0.0,2377.0,0.0927
2378.0,0.0,2378.0,0.0927
2379.0,0.0,2379.0,0.0927
2380.0,0.521,2380.0,0.0463
2381.0,0.0,2381.0,0.0116
2382.0,0.0,2382.0,0.0463
2383.0,0.0,2383.0,0.0811
2384.0,0.0,2384.0,0.116
2385.0,0.0,2385.0,0.116
2386.0,0.0,2386.0,0.104
2387.0,0.0,2387.0,0.0811
2388.0,0.0,2388.0,0.0463
2389.0,0.521,2389.0,0.0579
2390.0,0.0,2390.0,0.0695
2391.0,0.0,2391.0,0.0695
2392.0,0.0,2392.0,0.0463
2393.0,0.0,2393.0,0.0695
2394.0,0.0,2394.0,0.0695
2395.0,0.521,2395.0,0.0463
2396.0,0.0,2396.0,0.0579
2397.0,0.0,2397.0,0.0463
2398.0,0.0,2398.0,0.0579
2399.0,0.0,2399.0,0.139
2400.0,0.0,2400.0,0.127
2401.0,0.0,2401.0,0.104
2402.0,0.521,2402.0,0.0695
2403.0,0.0,2403.0,0.0927
2404.0,0.0,2404.0,0.0695
2405.0,0.0,2405.0,0.0811
2406.0,0.0,2406.0,0.0579
2407.0,0.0,2407.0,0.0927
2408.0,0.0,2408.0,0.0579
2409.0,0.521,2409.0,0.0579
2410.0,0.0,2410.0,0.0463
2411.0,0.0,2411.0,0.0695
2412.0,0.0,2412.0,0.0695
2413.0,0.0,2413.0,0.0
2414.0,0.0,2414.0,0.0463
2415.0,0.0,2415.0,0.0927
2416.0,0.0,2416.0,0.0927
2417.0,0.0,2417.0,0.0811
2418.0,0.0,2418.0,0.0811
2419.0,0.521,2419.0,0.116
2420.0,0.0,2420.0,0.116
2421.0,0.0,2421.0,0.0695
2422.0,0.0,2422.0,0.104
2423.0,0.0,2423.0,0.116
2424.0,0.521,2424.0,0.0811
2425.0,0.0,2425.0,0.0695
2426.0,0.0,2426.0,0.104
2427.0,0.0,2427.0,0.0811
2428.0,0.521,2428.0,0.0811
2429.0,0.0,2429.0,0.0463
2430.0,0.0,2430.0,0.0579
2431.0,0.0,2431.0,0.0927
2432.0,0.0,2432.0,0.104
2433.0,0.0,2433.0,0.104
2434.0,0.0,2434.0,0.0579
2435.0,0.0,2435.0,0.104
2436.0,0.521,2436.0,0.0927
2437.0,0.0,2437.0,0.0927
2438.0,0.0,2438.0,0.0811
2439.0,0.0,2439.0,0.0811
2440.0,0.0,2440.0,0.116
2441.0,0.0,2441.0,0.0811
2442.0,0.521,2442.0,0.104
2443.0,0.0,2443.0,0.0348
2444.0,0.0,2444.0,0.0463
2445.0,0.0,2445.0,0.0695
2446.0,0.0,2446.0,0.0811
2447.0,0.0,2447.0,0.0811
2448.0,0.521,2448.0,0.0811
2449.0,0.0,2449.0,0.0811
2450.0,0.0,2450.0,0.0927
2451.0,0.0,2451.0,0.0927
2452.0,0.0,2452.0,0.104
2453.0,0.0,2453.0,0.0579
2454.0,0.0,2454.0,0.0927
2455.0,0.521,2455.0,0.0927
2456.0,0.0,2456.0,0.0811
2457.0,0.0,2457.0,0.0811
2458.0,0.0,2458.0,0.104
2459.0,0.521,2459.0,0.0463
2460.0,0.0,2460.0,0.0
2461.0,0.0,2461.0,0.0811
2462.0,0.0,2462.0,0.0811
2463.0,0.0,2463.0,0.0695
2464.0,0.0,2464.0,0.0811
2465.0,0.0,2465.0,0.0927
2466.0,0.0,2466.0,0.0811
2467.0,0.0,2467.0,0.0695
2468.0,0.0,2468.0,0.0927
2469.0,0.521,2469.0,0.127
2470.0,0.0,2470.0,0.0695
2471.0,0.0,2471.0,0.0695
2472.0,0.0,2472.0,0.0579
2473.0,0.521,2473.0,0.0232
2474.0,0.0,2474.0,0.0348
2475.0,0.0,2475.0,0.0927
2476.0,0.0,2476.0,0.0695
2477.0,0.0,2477.0,0.0811
2478.0,0.0,2478.0,0.0811
2479.0,0.0,2479.0,0.0811
2480.0,0.0,2480.0,0.104
2481.0,0.0,2481.0,0.0811
2482.0,0.0,2482.0,0.0579
2483.0,0.521,2483.0,0.139
2484.0,0.0,2484.0,0.0927
2485.0,0.0,2485.0,0.0695
2486.0,0.0,2486.0,0.0811
2487.0,0.521,2487.0,0.0927
2488.0,0.0,2488.0,0.0348
2489.0,0.0,2489.0,0.0232
2490.0,0.0,2490.0,0.0811
2491.0,0.0,2491.0,0.0811
2492.0,0.0,2492.0,0.0695
2493.0,0.0,2493.0,0.0811
2494.0,0.0,2494.0,0.0695
2495.0,0.0,2495.0,0.0695
2496.0,0.0,2496.0,0.0927
2497.0,0.521,2497.0,0.0927
2498.0,0.0,2498.0,0.127
2499.0,0.0,2499.0,0.0927
2500.0,0.0,2500.0,0.0579
2501.0,0.521,2501.0,0.0695
2502.0,0.0,2502.0,0.0116
2503.0,0.0,2503.0,0.0463
2504.0,0.0,2504.0,0.0695
2505.0,0.0,2505.0,0.0811
2506.0,0.0,2506.0,0.0811
2507.0,0.0,2507.0,0.0927
2508.0,0.0,2508.0,0.0927
2509.0,0.521,2509.0,0.0695
2510.0,0.0,2510.0,0.0811
2511.0,0.0,2511.0,0.0927
2512.0,0.0,2512.0,0.104
2513.0,0.0,2513.0,0.104
2514.0,0.0,2514.0,0.0927
2515.0,0.521,2515.0,0.0811
2516.0,0.0,2516.0,0.0116
2517.0,0.0,2517.0,0.0463
2518.0,0.0,2518.0,0.0463
2519.0,0.0,2519.0,0.0811
2520.0,0.0,2520.0,0.0695
2521.0,0.0,2521.0,0.0927
2522.0,0.0,2522.0,0.104
2523.0,0.521,2523.0,0.0927
2524.0,0.0,2524.0,0.116
2525.0,0.0,2525.0,0.104
2526.0,0.0,2526.0,0.0927
2527.0,0.0,2527.0,0.0927
2528.0,0.0,2528.0,0.0927
2529.0,0.521,2529.0,0.0811
2530.0,0.0,2530.0,0.0811
2531.0,0.0,2531.0,0.0232
2532.0,0.0,2532.0,0.0463
2533.0,0.0,2533.0,0.0695
2534.0,0.0,2534.0,0.0811
2535.0,0.0,2535.0,0.0811
2536.0,0.0,2536.0,0.116
2537.0,0.521,2537.0,0.116
2538.0,0.0,2538.0,0.0579
2539.0,0.0,2539.0,0.0811
2540.0,0.0,2540.0,0.0811
2541.0,0.0,2541.0,0.104
2542.0,0.0,2542.0,0.0579
2543.0,0.0,2543.0,0.0695
2544.0,0.521,2544.0,0.0695
2545.0,0.0,2545.0,0.0695
2546.0,0.0,2546.0,0.0348
2547.0,0.0,2547.0,0.0
2548.0,0.0,2548.0,0.0463
2549.0,0.521,2549.0,0.0927
2550.0,0.0,2550.0,0.104
2551.0,0.0,2551.0,0.0927
2552.0,0.0,2552.0,0.0811
2553.0,0.0,2553.0,0.104
2554.0,0.0,2554.0,0.0811
2555.0,0.0,2555.0,0.0695
2556.0,0.0,2556.0,0.0695
2557.0,0.521,2557.0,0.0463
2558.0,0.0,2558.0,0.0463
2559.0,0.0,2559.0,0.0695
2560.0,0.0,2560.0,0.0579
2561.0,0.0,2561.0,0.0348
2562.0,0.0,2562.0,0.0348
2563.0,0.0,2563.0,0.0
2564.0,0.0,2564.0,0.0463
2565.0,0.521,2565.0,0.0927
2566.0,0.0,2566.0,0.116
2567.0,0.0,2567.0,0.0811
2568.0,0.0,2568.0,0.116
2569.0,0.0,2569.0,0.0579
2570.0,0.0,2570.0,0.0579
2571.0,0.0,2571.0,0.0695
2572.0,0.0,2572.0,0.0579
2573.0,0.0,2573.0,0.0579
2574.0,0.521,2574.0,0.0695
2575.0,0.0,2575.0,0.0463
2576.0,0.0,2576.0,0.0463
2577.0,0.0,2577.0,0.0695
2578.0,0.0,2578.0,0.0463
2579.0,0.521,2579.0,0.0348
2580.0,0.0,2580.0,0.0
2581.0,0.0,2581.0,0.0579
2582.0,0.0,2582.0,0.0579
2583.0,0.0,2583.0,0.0927
2584.0,0.0,2584.0,0.0811
2585.0,0.0,2585.0,0.116
2586.0,0.0,2586.0,0.0579
2587.0,0.0,2587.0,0.0579
2588.0,0.0,2588.0,0.0695
2589.0,0.0,2589.0,0.0695
2590.0,0.0,2590.0,0.0695
2591.0,0.0,2591.0,0.0348
2592.0,0.0,2592.0,0.0463
2593.0,0.521,2593.0,0.0579
2594.0,0.0,2594.0,0.0695
2595.0,0.0,2595.0,0.0579
2596.0,0.0,2596.0,0.0
2597.0,0.0,2597.0,0.0463
2598.0,0.0,2598.0,0.0579
2599.0,0.0,2599.0,0.0695
2600.0,0.0,2600.0,0.0695
2601.0,0.0,2601.0,0.0463
2602.0,0.521,2602.0,0.0695
2603.0,0.0,2603.0,0.0695
2604.0,0.0,2604.0,0.0695
2605.0,0.0,2605.0,0.0463
2606.0,0.0,2606.0,0.0579
2607.0,0.0,2607.0,0.0695
2608.0,0.0,2608.0,0.0579
2609.0,0.0,2609.0,0.0579
2610.0,0.521,2610.0,0.0463
2611.0,0.0,2611.0,0.0463
2612.0,0.0,2612.0,0.0348
2613.0,0.0,2613.0,0.0579
2614.0,0.0,2614.0,0.0463
2615.0,0.0,2615.0,0.0695
2616.0,0.0,2616.0,0.0695
2617.0,0.0,2617.0,0.0695
2618.0,0.0,2618.0,0.0463
2619.0,0.521,2619.0,0.0579
2620.0,0.0,2620.0,0.0695
2621.0,0.0,2621.0,0.0695
2622.0,0.0,2622.0,0.0463
2623.0,0.0,2623.0,0.0463
2624.0,0.0,2624.0,0.0695
2625.0,0.521,2625.0,0.0463
2626.0,0.0,2626.0,0.0232
2627.0,0.0,2627.0,0.0348
2628.0,0.0,2628.0,0.0579
2629.0,0.0,2629.0,0.0463
2630.0,0.0,2630.0,0.0463
2631.0,0.0,2631.0,0.0579
2632.0,0.0,2632.0,0.0695
2633.0,0.0,2633.0,0.0695
2634.0,0.0,2634.0,0.0463
2635.0,0.0,2635.0,0.0579
2636.0,0.0,2636.0,0.0579
2637.0,0.0,2637.0,0.0463
2638.0,0.521,2638.0,0.0579
2639.0,0.0,2639.0,0.0695
2640.0,0.0,2640.0,0.116
2641.0,0.0,2641.0,0.0116
2642.0,0.0,2642.0,0.0348
2643.0,0.0,2643.0,0.0348
2644.0,0.0,2644.0,0.0348
2645.0,0.0,2645.0,0.0348
2646.0,0.0,2646.0,0.0579
2647.0,0.0,2647.0,0.0463
2648.0,0.0,2648.0,0.0579
2649.0,0.521,2649.0,0.0695
2650.0,0.0,2650.0,0.0695
2651.0,0.0,2651.0,0.0695
2652.0,0.0,2652.0,0.0579
2653.0,0.0,2653.0,0.0579
2654.0,0.0,2654.0,0.0579
2655.0,0.521,2655.0,0.0695
2656.0,0.0,2656.0,0.0
2657.0,0.0,2657.0,0.0463
2658.0,0.0,2658.0,0.0
2659.0,0.0,2659.0,0.0463
2660.0,0.0,2660.0,0.0348
2661.0,0.0,2661.0,0.0463
2662.0,0.0,2662.0,0.0348
2663.0,0.0,2663.0,0.0579
2664.0,0.0,2664.0,0.0348
2665.0,0.0,2665.0,0.0579
2666.0,0.0,2666.0,0.0695
2667.0,0.0,2667.0,0.0811
2668.0,0.0,2668.0,0.0579
2669.0,0.521,2669.0,0.0579
2670.0,0.0,2670.0,0.0927
2671.0,0.0,2671.0,0.0463
2672.0,0.0,2672.0,0.0232
2673.0,0.0,2673.0,0.0232
2674.0,0.0,2674.0,0.0463
2675.0,0.0,2675.0,0.0348
2676.0,0.0,2676.0,0.0348
2677.0,0.0,2677.0,0.0348
2678.0,0.0,2678.0,0.0348
2679.0,0.0,2679.0,0.0463
2680.0,0.0,2680.0,0.0348
2681.0,0.0,2681.0,0.0348
2682.0,0.0,2682.0,0.0463
2683.0,0.521,2683.0,0.0463
2684.0,0.0,2684.0,0.0579
2685.0,0.0,2685.0,0.0348
2686.0,0.0,2686.0,0.0463
2687.0,0.0,2687.0,0.0927
2688.0,0.0,2688.0,0.0579
2689.0,0.521,2689.0,0.0579
2690.0,0.0,2690.0,0.0579
2691.0,0.0,2691.0,0.0463
2692.0,0.0,2692.0,0.0232
2693.0,0.0,2693.0,0.0348
2694.0,0.0,2694.0,0.0348
2695.0,0.0,2695.0,0.0348
2696.0,0.0,2696.0,0.0
2697.0,0.0,2697.0,0.0232
2698.0,0.0,2698.0,0.0232
2699.0,0.0,2699.0,0.0348
2700.0,0.0,2700.0,0.0232
2701.0,0.0,2701.0,0.0348
2702.0,0.0,2702.0,0.0116
2703.0,0.0,2703.0,0.0348
2704.0,0.521,2704.0,0.0579
2705.0,0.0,2705.0,0.0811
2706.0,0.0,2706.0,0.0579
2707.0,0.0,2707.0,0.0463
2708.0,0.0,2708.0,0.0348
2709.0,0.0,2709.0,0.0232
2710.0,0.0,2710.0,0.0116
2711.0,0.0,2711.0,0.0232
2712.0,0.0,2712.0,0.0116
2713.0,0.0,2713.0,0.0232
2714.0,0.0,2714.0,0.0116
2715.0,0.0,2715.0,0.0232
2716.0,0.0,2716.0,0.0232
2717.0,0.0,2717.0,0.0
2718.0,0.0,2718.0,0.0463
2719.0,0.0,2719.0,0.0
2720.0,0.0,2720.0,0.0463
2721.0,0.521,2721.0,0.0463
2722.0,0.0,2722.0,0.0579
2723.0,0.0,2723.0,0.0579
2724.0,0.0,2724.0,0.0695
2725.0,0.0,2725.0,0.0579
2726.0,0.0,2726.0,0.0463
2727.0,0.0,2727.0,0.0348
2728.0,0.0,2728.0,0.0579
2729.0,0.0,2729.0,0.0463
2730.0,0.0,2730.0,0.0579
2731.0,0.0,2731.0,0.0463
2732.0,0.0,2732.0,0.0463
2733.0,0.0,2733.0,0.0463
2734.0,0.521,2734.0,0.0579
2735.0,0.0,2735.0,0.0463
2736.0,0.0,2736.0,0.0
2737.0,0.0,2737.0,0.0116
2738.0,0.0,2738.0,0.0348
2739.0,0.0,2739.0,0.0116
2740.0,0.0,2740.0,0.0579
2741.0,0.0,2741.0,0.0463
2742.0,0.0,2742.0,0.0463
2743.0,0.0,2743.0,0.0463
2744.0,0.0,2744.0,0.0463
2745.0,0.0,2745.0,0.0579
2746.0,0.0,2746.0,0.0463
2747.0,0.0,2747.0,0.0463
2748.0,0.521,2748.0,0.0348
2749.0,0.0,2749.0,0.0695
2750.0,0.0,2750.0,0.116
2751.0,0.0,2751.0,0.0463
2752.0,0.0,2752.0,0.0463
2753.0,0.0,2753.0,0.0579
2754.0,0.0,2754.0,0.0116
2755.0,0.521,2755.0,0.0232
2756.0,0.0,2756.0,0.0232
2757.0,0.0,2757.0,0.0116
2758.0,0.0,2758.0,0.0463
2759.0,0.0,2759.0,0.0579
2760.0,0.0,2760.0,0.0463
2761.0,0.0,2761.0,0.0463
2762.0,0.0,2762.0,0.0579
2763.0,0.0,2763.0,0.0463
2764.0,0.0,2764.0,0.0927
2765.0,0.0,2765.0,0.104
2766.0,0.0,2766.0,0.0579
2767.0,0.521,2767.0,0.0695
2768.0,0.0,2768.0,0.0579
2769.0,0.0,2769.0,0.0116
2770.0,0.0,2770.0,0.0348
2771.0,0.0,2771.0,0.0348
2772.0,0.0,2772.0,0.0463
2773.0,0.0,2773.0,0.0463
2774.0,0.0,2774.0,0.0348
2775.0,0.0,2775.0,0.0463
2776.0,0.0,2776.0,0.0463
2777.0,0.0,2777.0,0.0463
2778.0,0.0,2778.0,0.0463
2779.0,0.0,2779.0,0.116
2780.0,0.521,2780.0,0.0463
2781.0,0.0,2781.0,0.0579
2782.0,0.0,2782.0,0.0579
2783.0,0.0,2783.0,0.0579
2784.0,0.0,2784.0,0.0
2785.0,0.0,2785.0,0.0463
2786.0,0.521,2786.0,0.0463
2787.0,0.0,2787.0,0.0463
2788.0,0.0,2788.0,0.0579
2789.0,0.0,2789.0,0.0463
2790.0,0.0,2790.0,0.0579
2791.0,0.0,2791.0,0.0348
2792.0,0.0,2792.0,0.0463
2793.0,0.0,2793.0,0.0927
2794.0,0.0,2794.0,0.0927
2795.0,0.0,2795.0,0.0348
2796.0,0.0,2796.0,0.0579
2797.0,0.0,2797.0,0.0463
2798.0,0.521,2798.0,0.0695
2799.0,0.0,2799.0,0.0116
2800.0,0.0,2800.0,0.0463
2801.0,0.0,2801.0,0.0579
2802.0,0.0,2802.0,0.0579
2803.0,0.0,2803.0,0.0579
2804.0,0.0,2804.0,0.0463
2805.0,0.0,2805.0,0.0463
2806.0,0.0,2806.0,0.0463
2807.0,0.0,2807.0,0.104
2808.0,0.521,2808.0,0.0811
2809.0,0.0,2809.0,0.0348
2810.0,0.0,2810.0,0.0579
2811.0,0.0,2811.0,0.0348
2812.0,0.0,2812.0,0.0579
2813.0,0.0,2813.0,0.0579
2814.0,0.0,2814.0,0.0348
2815.0,0.521,2815.0,0.0348
2816.0,0.0,2816.0,0.0463
2817.0,0.0,2817.0,0.0348
2818.0,0.0,2818.0,0.0695
2819.0,0.0,2819.0,0.0463
2820.0,0.0,2820.0,0.0579
2821.0,0.0,2821.0,0.0811
2822.0,0.0,2822.0,0.0695
2823.0,0.0,2823.0,0.0579
2824.0,0.0,2824.0,0.0463
2825.0,0.0,2825.0,0.0463
2826.0,0.0,2826.0,0.0579
2827.0,0.0,2827.0,0.0348
2828.0,0.521,2828.0,0.0348
2829.0,0.0,2829.0,0.0463
2830.0,0.0,2830.0,0.0579
2831.0,0.0,2831.0,0.0348
2832.0,0.0,2832.0,0.0232
2833.0,0.0,2833.0,0.0463
2834.0,0.0,2834.0,0.0927
2835.0,0.0,2835.0,0.0811
2836.0,0.521,2836.0,0.0579
2837.0,0.0,2837.0,0.0579
2838.0,0.0,2838.0,0.0463
2839.0,0.0,2839.0,0.0463
2840.0,0.0,2840.0,0.0348
2841.0,0.0,2841.0,0.0463
2842.0,0.0,2842.0,0.0463
2843.0,0.0,2843.0,0.0579
2844.0,0.0,2844.0,0.0463
2845.0,0.0,2845.0,0.0579
2846.0,0.521,2846.0,0.0348
2847.0,0.0,2847.0,0.0116
2848.0,0.0,2848.0,0.0695
2849.0,0.0,2849.0,0.0695
2850.0,0.0,2850.0,0.0463
2851.0,0.0,2851.0,0.0695
2852.0,0.0,2852.0,0.0463
2853.0,0.0,2853.0,0.0579
2854.0,0.0,2854.0,0.0579
2855.0,0.0,2855.0,0.0463
2856.0,0.0,2856.0,0.0463
2857.0,0.0,2857.0,0.0463
2858.0,0.521,2858.0,0.0463
2859.0,0.0,2859.0,0.0463
2860.0,0.0,2860.0,0.0348
2861.0,0.0,2861.0,0.0463
2862.0,0.0,2862.0,0.0811
2863.0,0.0,2863.0,0.0463
2864.0,0.0,2864.0,0.0463
2865.0,0.0,2865.0,0.0579
2866.0,0.0,2866.0,0.0463
2867.0,0.0,2867.0,0.0579
2868.0,0.521,2868.0,0.0579
2869.0,0.0,2869.0,0.0579
2870.0,0.0,2870.0,0.0579
2871.0,0.0,2871.0,0.0463
2872.0,0.0,2872.0,0.0348
2873.0,0.0,2873.0,0.0463
2874.0,0.0,2874.0,0.0811
2875.0,0.0,2875.0,0.0348
2876.0,0.0,2876.0,0.0579
2877.0,0.521,2877.0,0.0463
2878.0,0.0,2878.0,0.0579
2879.0,0.0,2879.0,0.0463
2880.0,0.0,2880.0,0.0579
2881.0,0.0,2881.0,0.0579
2882.0,0.0,2882.0,0.0579
2883.0,0.0,2883.0,0.0463
2884.0,0.0,2884.0,0.0695
2885.0,0.0,2885.0,0.0348
2886.0,0.0,2886.0,0.0579
2887.0,0.521,2887.0,0.0695
2888.0,0.0,2888.0,0.0579
2889.0,0.0,2889.0,0.0348
2890.0,0.0,2890.0,0.0463
2891.0,0.0,2891.0,0.0348
2892.0,0.0,2892.0,0.0579
2893.0,0.0,2893.0,0.0463
2894.0,0.0,2894.0,0.0463
2895.0,0.0,2895.0,0.0463
2896.0,0.0,2896.0,0.0579
2897.0,0.0,2897.0,0.0695
2898.0,0.521,2898.0,0.0695
2899.0,0.0,2899.0,0.0463
2900.0,0.0,2900.0,0.0695
2901.0,0.0,2901.0,0.0695
2902.0,0.0,2902.0,0.0695
2903.0,0.0,2903.0,0.0463
2904.0,0.0,2904.0,0.0579
2905.0,0.521,2905.0,0.0116
2906.0,0.0,2906.0,0.0463
2907.0,0.0,2907.0,0.0463
2908.0,0.0,2908.0,0.0695
2909.0,0.0,2909.0,0.0579
2910.0,0.0,2910.0,0.0463
2911.0,0.0,2911.0,0.0811
2912.0,0.0,2912.0,0.0463
2913.0,0.0,2913.0,0.0579
2914.0,0.0,2914.0,0.0579
2915.0,0.0,2915.0,0.0927
2916.0,0.521,2916.0,0.0811
2917.0,0.0,2917.0,0.0463
2918.0,0.0,2918.0,0.0579
2919.0,0.0,2919.0,0.0695
2920.0,0.0,2920.0,0.0579
2921.0,0.0,2921.0,0.0463
2922.0,0.0,2922.0,0.0116
2923.0,0.0,2923.0,0.0579
2924.0,0.0,2924.0,0.0463
2925.0,0.0,2925.0,0.0463
2926.0,0.0,2926.0,0.0695
2927.0,0.521,2927.0,0.0579
2928.0,0.0,2928.0,0.104
2929.0,0.0,2929.0,0.0811
2930.0,0.0,2930.0,0.0463
2931.0,0.0,2931.0,0.0463
2932.0,0.0,2932.0,0.0579
2933.0,0.0,2933.0,0.0579
2934.0,0.521,2934.0,0.0695
2935.0,0.0,2935.0,0.0232
2936.0,0.0,2936.0,0.0463
2937.0,0.0,2937.0,0.0
2938.0,0.0,2938.0,0.0811
2939.0,0.0,2939.0,0.0579
2940.0,0.0,2940.0,0.0579
2941.0,0.0,2941.0,0.0695
2942.0,0.0,2942.0,0.127
2943.0,0.521,2943.0,0.0811
2944.0,0.0,2944.0,0.0579
2945.0,0.0,2945.0,0.0579
2946.0,0.0,2946.0,0.0579
2947.0,0.0,2947.0,0.0579
2948.0,0.0,2948.0,0.0811
2949.0,0.0,2949.0,0.0811
2950.0,0.521,2950.0,0.0463
2951.0,0.0,2951.0,0.0463
2952.0,0.0,2952.0,0.0348
2953.0,0.0,2953.0,0.0463
2954.0,0.0,2954.0,0.0579
2955.0,0.0,2955.0,0.0927
2956.0,0.0,2956.0,0.0811
2957.0,0.0,2957.0,0.0579
2958.0,0.0,2958.0,0.0579
2959.0,0.0,2959.0,0.0695
2960.0,0.0,2960.0,0.0579
2961.0,0.521,2961.0,0.0695
2962.0,0.0,2962.0,0.0348
2963.0,0.0,2963.0,0.0579
2964.0,0.0,2964.0,0.0579
2965.0,0.0,2965.0,0.0579
2966.0,0.0,2966.0,0.0463
2967.0,0.521,2967.0,0.0579
2968.0,0.0,2968.0,0.0927
2969.0,0.0,2969.0,0.0811
2970.0,0.0,2970.0,0.0695
2971.0,0.0,2971.0,0.0695
2972.0,0.0,2972.0,0.0463
2973.0,0.0,2973.0,0.0579
2974.0,0.0,2974.0,0.0695
2975.0,0.0,2975.0,0.0579
2976.0,0.0,2976.0,0.0463
2977.0,0.521,2977.0,0.0695
2978.0,0.0,2978.0,0.0579
2979.0,0.0,2979.0,0.0579
2980.0,0.0,2980.0,0.0348
2981.0,0.0,2981.0,0.0695
2982.0,0.0,2982.0,0.104
2983.0,0.0,2983.0,0.0811
2984.0,0.0,2984.0,0.0927
2985.0,0.521,2985.0,0.0811
2986.0,0.0,2986.0,0.0695
2987.0,0.0,2987.0,0.0695
2988.0,0.0,2988.0,0.0695
2989.0,0.0,2989.0,0.0695
2990.0,0.0,2990.0,0.0579
2991.0,0.0,2991.0,0.0695
2992.0,0.521,2992.0,0.0579
2993.0,0.0,2993.0,0.0695
2994.0,0.0,2994.0,0.0348
2995.0,0.0,2995.0,0.0463
2996.0,0.0,2996.0,0.0695
2997.0,0.0,2997.0,0.0811
2998.0,0.0,2998.0,0.0811
2999.0,0.0,2999.0,0.0695
3000.0,0.0,3000.0,0.0695
3001.0,0.521,3001.0,0.0811
3002.0,0.0,3002.0,0.0811
3003.0,0.0,3003.0,0.0579
3004.0,0.0,3004.0,0.0579
3005.0,0.0,3005.0,0.0811
3006.0,0.0,3006.0,0.0695
3007.0,0.0,3007.0,0.0579
3008.0,0.521,3008.0,0.104
3009.0,0.0,3009.0,0.0811
3010.0,0.0,3010.0,0.0811
3011.0,0.0,3011.0,0.0927
3012.0,0.0,3012.0,0.0811
3013.0,0.0,3013.0,0.0695
3014.0,0.521,3014.0,0.0695
3015.0,0.0,3015.0,0.0695
3016.0,0.0,3016.0,0.0463
3017.0,0.0,3017.0,0.0695
3018.0,0.0,3018.0,0.0695
3019.0,0.0,3019.0,0.0579
3020.0,0.0,3020.0,0.0579
3021.0,0.521,3021.0,0.0579
3022.0,0.0,3022.0,0.116
3023.0,0.0,3023.0,0.0811
3024.0,0.0,3024.0,0.0695
3025.0,0.0,3025.0,0.0695
3026.0,0.0,3026.0,0.0463
3027.0,0.0,3027.0,0.0579
3028.0,0.0,3028.0,0.0579
3029.0,0.521,3029.0,0.0463
3030.0,0.0,3030.0,0.0463
3031.0,0.0,3031.0,0.0579
3032.0,0.0,3032.0,0.0579
3033.0,0.0,3033.0,0.0348
3034.0,0.0,3034.0,0.0579
3035.0,0.0,3035.0,0.0811
3036.0,0.0,3036.0,0.0927
3037.0,0.521,3037.0,0.0927
3038.0,0.0,3038.0,0.0927
3039.0,0.0,3039.0,0.0695
3040.0,0.0,3040.0,0.0811
3041.0,0.0,3041.0,0.0695
3042.0,0.0,3042.0,0.0695
3043.0,0.0,3043.0,0.0695
3044.0,0.0,3044.0,0.0811
3045.0,0.521,3045.0,0.0579
3046.0,0.0,3046.0,0.0695
3047.0,0.0,3047.0,0.0348
3048.0,0.0,3048.0,0.0579
3049.0,0.0,3049.0,0.0811
3050.0,0.0,3050.0,0.0927
3051.0,0.0,3051.0,0.0811
3052.0,0.521,3052.0,0.0695
3053.0,0.0,3053.0,0.0811
3054.0,0.0,3054.0,0.0695
3055.0,0.0,3055.0,0.0811
3056.0,0.0,3056.0,0.0811
3057.0,0.0,3057.0,0.0811
3058.0,0.0,3058.0,0.0579
3059.0,0.521,3059.0,0.0579
3060.0,0.0,3060.0,0.0463
3061.0,0.0,3061.0,0.0579
3062.0,0.0,3062.0,0.0811
3063.0,0.0,3063.0,0.0927
3064.0,0.0,3064.0,0.0927
3065.0,0.0,3065.0,0.0695
3066.0,0.0,3066.0,0.0811
3067.0,0.521,3067.0,0.0579
3068.0,0.0,3068.0,0.0811
3069.0,0.0,3069.0,0.0811
3070.0,0.0,3070.0,0.0579
3071.0,0.0,3071.0,0.0927
3072.0,0.0,3072.0,0.0695
3073.0,0.521,3073.0,0.0695
3074.0,0.0,3074.0,0.0927
3075.0,0.0,3075.0,0.0927
3076.0,0.0,3076.0,0.0811
3077.0,0.0,3077.0,0.0695
3078.0,0.0,3078.0,0.0695
3079.0,0.521,3079.0,0.0695
3080.0,0.0,3080.0,0.0579
3081.0,0.0,3081.0,0.0579
3082.0,0.0,3082.0,0.0463
3083.0,0.0,3083.0,0.0463
3084.0,0.0,3084.0,0.0811
3085.0,0.0,3085.0,0.0116
3086.0,0.0,3086.0,0.0927
3087.0,0.0,3087.0,0.0927
3088.0,0.521,3088.0,0.0811
3089.0,0.0,3089.0,0.0695
3090.0,0.0,3090.0,0.0811
3091.0,0.0,3091.0,0.0811
3092.0,0.0,3092.0,0.0579
3093.0,0.0,3093.0,0.0579
3094.0,0.0,3094.0,0.0579
3095.0,0.0,3095.0,0.0463
3096.0,0.521,3096.0,0.0695
3097.0,0.0,3097.0,0.0579
3098.0,0.0,3098.0,0.0116
3099.0,0.0,3099.0,0.0695
3100.0,0.0,3100.0,0.0927
3101.0,0.0,3101.0,0.0927
3102.0,0.0,3102.0,0.0927
3103.0,0.0,3103.0,0.0695
3104.0,0.521,3104.0,0.0695
3105.0,0.0,3105.0,0.0811
3106.0,0.0,3106.0,0.0695
3107.0,0.0,3107.0,0.0579
3108.0,0.0,3108.0,0.0579
3109.0,0.0,3109.0,0.0579
3110.0,0.0,3110.0,0.0811
3111.0,0.521,3111.0,0.0232
3112.0,0.0,3112.0,0.0579
3113.0,0.0,3113.0,0.0811
3114.0,0.0,3114.0,0.0811
3115.0,0.0,3115.0,0.0811
3116.0,0.0,3116.0,0.0927
3117.0,0.0,3117.0,0.0811
3118.0,0.0,3118.0,0.0579
3119.0,0.0,3119.0,0.0811
3120.0,0.521,3120.0,0.0695
3121.0,0.0,3121.0,0.0811
3122.0,0.0,3122.0,0.0579
3123.0,0.0,3123.0,0.0579
3124.0,0.0,3124.0,0.0579
3125.0,0.521,3125.0,0.0348
3126.0,0.0,3126.0,0.0579
3127.0,0.0,3127.0,0.0695
3128.0,0.0,3128.0,0.0811
3129.0,0.0,3129.0,0.0695
3130.0,0.0,3130.0,0.0695
3131.0,0.0,3131.0,0.0695
3132.0,0.0,3132.0,0.0695
3133.0,0.0,3133.0,0.0811
3134.0,0.0,3134.0,0.0579
3135.0,0.0,3135.0,0.0695
3136.0,0.521,3136.0,0.0811
3137.0,0.0,3137.0,0.0232
3138.0,0.0,3138.0,0.0348
3139.0,0.0,3139.0,0.0579
3140.0,0.0,3140.0,0.0695
3141.0,0.0,3141.0,0.0811
3142.0,0.0,3142.0,0.0927
3143.0,0.521,3143.0,0.0695
3144.0,0.0,3144.0,0.0695
3145.0,0.0,3145.0,0.0695
3146.0,0.0,3146.0,0.0695
3147.0,0.0,3147.0,0.0695
3148.0,0.0,3148.0,0.0695
3149.0,0.0,3149.0,0.0811
3150.0,0.0,3150.0,0.0695
3151.0,0.521,3151.0,0.0579
3152.0,0.0,3152.0,0.0463
3153.0,0.0,3153.0,0.0811
3154.0,0.0,3154.0,0.0695
3155.0,0.0,3155.0,0.0927
3156.0,0.0,3156.0,0.0811
3157.0,0.0,3157.0,0.0579
3158.0,0.521,3158.0,0.0695
3159.0,0.0,3159.0,0.0811
3160.0,0.0,3160.0,0.0695
3161.0,0.0,3161.0,0.0695
3162.0,0.0,3162.0,0.0927
3163.0,0.0,3163.0,0.0579
3164.0,0.0,3164.0,0.0811
3165.0,0.521,3165.0,0.0579
3166.0,0.0,3166.0,0.0811
3167.0,0.0,3167.0,0.0579
3168.0,0.0,3168.0,0.0695
3169.0,0.0,3169.0,0.0811
3170.0,0.0,3170.0,0.0695
3171.0,0.0,3171.0,0.0695
3172.0,0.0,3172.0,0.0695
3173.0,0.521,3173.0,0.0695
3174.0,0.0,3174.0,0.0811
3175.0,0.0,3175.0,0.0811
3176.0,0.0,3176.0,0.0695
3177.0,0.0,3177.0,0.0927
3178.0,0.521,3178.0,0.0579
3179.0,0.0,3179.0,0.0579
3180.0,0.0,3180.0,0.0695
3181.0,0.0,3181.0,0.0811
3182.0,0.0,3182.0,0.0579
3183.0,0.0,3183.0,0.0695
3184.0,0.0,3184.0,0.0695
3185.0,0.0,3185.0,0.0811
3186.0,0.0,3186.0,0.0579
3187.0,0.521,3187.0,0.0695
3188.0,0.0,3188.0,0.0695
3189.0,0.0,3189.0,0.0811
3190.0,0.0,3190.0,0.0463
3191.0,0.0,3191.0,0.0579
3192.0,0.0,3192.0,0.0811
3193.0,0.521,3193.0,0.0579
3194.0,0.0,3194.0,0.0579
3195.0,0.0,3195.0,0.0579
3196.0,0.0,3196.0,0.0579
3197.0,0.0,3197.0,0.0695
3198.0,0.0,3198.0,0.0695
3199.0,0.0,3199.0,0.0695
3200.0,0.0,3200.0,0.0579
3201.0,0.0,3201.0,0.0695
3202.0,0.0,3202.0,0.0463
3203.0,0.521,3203.0,0.0927
3204.0,0.0,3204.0,0.0463
3205.0,0.0,3205.0,0.0695
3206.0,0.0,3206.0,0.0579
3207.0,0.0,3207.0,0.0695
3208.0,0.0,3208.0,0.0579
3209.0,0.0,3209.0,0.0463
3210.0,0.0,3210.0,0.0695
3211.0,0.521,3211.0,0.0811
3212.0,0.0,3212.0,0.0695
3213.0,0.0,3213.0,0.0463
3214.0,0.0,3214.0,0.0695
3215.0,0.0,3215.0,0.0811
3216.0,0.0,3216.0,0.0463
3217.0,0.0,3217.0,0.0579
3218.0,0.521,3218.0,0.0579
3219.0,0.0,3219.0,0.0695
3220.0,0.0,3220.0,0.0695
3221.0,0.0,3221.0,0.0695
3222.0,0.0,3222.0,0.0695
3223.0,0.0,3223.0,0.0579
3224.0,0.0,3224.0,0.0811
3225.0,0.0,3225.0,0.0695
3226.0,0.0,3226.0,0.0695
3227.0,0.521,3227.0,0.0695
3228.0,0.0,3228.0,0.0811
3229.0,0.0,3229.0,0.0579
3230.0,0.0,3230.0,0.0811
3231.0,0.0,3231.0,0.0579
3232.0,0.0,3232.0,0.0579
3233.0,0.521,3233.0,0.0579
3234.0,0.0,3234.0,0.0463
3235.0,0.0,3235.0,0.0695
3236.0,0.0,3236.0,0.0579
3237.0,0.0,3237.0,0.0811
3238.0,0.0,3238.0,0.0695
3239.0,0.0,3239.0,0.0695
3240.0,0.0,3240.0,0.0695
3241.0,0.0,3241.0,0.0695
3242.0,0.0,3242.0,0.0695
3243.0,0.521,3243.0,0.0811
3244.0,0.0,3244.0,0.0579
3245.0,0.0,3245.0,0.0695
3246.0,0.0,3246.0,0.0695
3247.0,0.0,3247.0,0.0463
3248.0,0.0,3248.0,0.0579
3249.0,0.0,3249.0,0.0695
3250.0,0.0,3250.0,0.0695
3251.0,0.521,3251.0,0.0695
3252.0,0.0,3252.0,0.0695
3253.0,0.0,3253.0,0.0579
3254.0,0.0,3254.0,0.0811
3255.0,0.0,3255.0,0.0695
3256.0,0.0,3256.0,0.0811
3257.0,0.521,3257.0,0.0348
3258.0,0.0,3258.0,0.0579
3259.0,0.0,3259.0,0.0579
3260.0,0.0,3260.0,0.0695
3261.0,0.0,3261.0,0.0463
3262.0,0.0,3262.0,0.0695
3263.0,0.0,3263.0,0.0695
3264.0,0.0,3264.0,0.0579
3265.0,0.0,3265.0,0.0579
3266.0,0.0,3266.0,0.0811
3267.0,0.521,3267.0,0.0579
3268.0,0.0,3268.0,0.0695
3269.0,0.0,3269.0,0.0811
3270.0,0.0,3270.0,0.0695
3271.0,0.0,3271.0,0.0579
3272.0,0.0,3272.0,0.0463
3273.0,0.0,3273.0,0.0579
3274.0,0.521,3274.0,0.0579
3275.0,0.0,3275.0,0.0695
3276.0,0.0,3276.0,0.0579
3277.0,0.0,3277.0,0.0348
3278.0,0.0,3278.0,0.0695
3279.0,0.0,3279.0,0.0695
3280.0,0.0,3280.0,0.0695
3281.0,0.0,3281.0,0.0579
3282.0,0.0,3282.0,0.0811
3283.0,0.521,3283.0,0.0695
3284.0,0.0,3284.0,0.0579
3285.0,0.0,3285.0,0.0348
3286.0,0.0,3286.0,0.0579
3287.0,0.0,3287.0,0.0579
3288.0,0.0,3288.0,0.0463
3289.0,0.0,3289.0,0.0579
3290.0,0.0,3290.0,0.0579
3291.0,0.0,3291.0,0.0695
3292.0,0.521,3292.0,0.0695
3293.0,0.0,3293.0,0.0463
3294.0,0.0,3294.0,0.0695
3295.0,0.0,3295.0,0.0811
3296.0,0.0,3296.0,0.0579
3297.0,0.0,3297.0,0.0579
3298.0,0.0,3298.0,0.0463
3299.0,0.0,3299.0,0.0463
3300.0,0.521,3300.0,0.0579
3301.0,0.0,3301.0,0.0579
3302.0,0.0,3302.0,0.0579
3303.0,0.0,3303.0,0.0579
3304.0,0.0,3304.0,0.0579
3305.0,0.0,3305.0,0.0579
3306.0,0.0,3306.0,0.0579
3307.0,0.0,3307.0,0.0811
3308.0,0.0,3308.0,0.0811
3309.0,0.521,3309.0,0.0579
3310.0,0.0,3310.0,0.0695
3311.0,0.0,3311.0,0.0348
3312.0,0.0,3312.0,0.0463
3313.0,0.0,3313.0,0.0579
3314.0,0.0,3314.0,0.0695
3315.0,0.0,3315.0,0.0463
3316.0,0.0,3316.0,0.0695
3317.0,0.0,3317.0,0.0579
3318.0,0.521,3318.0,0.0695
3319.0,0.0,3319.0,0.0695
3320.0,0.0,3320.0,0.0463
3321.0,0.0,3321.0,0.116
3322.0,0.0,3322.0,0.0348
3323.0,0.0,3323.0,0.0695
3324.0,0.0,3324.0,0.0463
3325.0,0.0,3325.0,0.0579
3326.0,0.521,3326.0,0.0579
3327.0,0.0,3327.0,0.0579
3328.0,0.0,3328.0,0.0579
3329.0,0.0,3329.0,0.0695
3330.0,0.0,3330.0,0.0463
3331.0,0.0,3331.0,0.0579
3332.0,0.0,3332.0,0.0579
3333.0,0.0,3333.0,0.0579
3334.0,0.0,3334.0,0.0695
3335.0,0.521,3335.0,0.0463
3336.0,0.0,3336.0,0.0695
3337.0,0.0,3337.0,0.0348
3338.0,0.0,3338.0,0.0579
3339.0,0.0,3339.0,0.0579
3340.0,0.0,3340.0,0.0463
3341.0,0.0,3341.0,0.0579
3342.0,0.0,3342.0,0.0695
3343.0,0.0,3343.0,0.0463
3344.0,0.0,3344.0,0.0463
3345.0,0.521,3345.0,0.0579
3346.0,0.0,3346.0,0.0463
3347.0,0.0,3347.0,0.0695
3348.0,0.0,3348.0,0.0579
3349.0,0.0,3349.0,0.0463
3350.0,0.0,3350.0,0.0579
3351.0,0.0,3351.0,0.0579
3352.0,0.0,3352.0,0.0463
3353.0,0.0,3353.0,0.0463
3354.0,0.521,3354.0,0.0463
3355.0,0.0,3355.0,0.0463
3356.0,0.0,3356.0,0.0463
3357.0,0.0,3357.0,0.0579
3358.0,0.0,3358.0,0.0463
3359.0,0.0,3359.0,0.0463
3360.0,0.0,3360.0,0.0579
3361.0,0.0,3361.0,0.0463
3362.0,0.0,3362.0,0.0348
3363.0,0.521,3363.0,0.0811
3364.0,0.0,3364.0,0.0463
3365.0,0.0,3365.0,0.0463
3366.0,0.0,3366.0,0.0463
3367.0,0.0,3367.0,0.0463
3368.0,0.0,3368.0,0.0579
3369.0,0.0,3369.0,0.0463
3370.0,0.0,3370.0,0.0579
3371.0,0.0,3371.0,0.0579
3372.0,0.0,3372.0,0.0463
3373.0,0.0,3373.0,0.0463
3374.0,0.521,3374.0,0.0463
3375.0,0.0,3375.0,0.0348
3376.0,0.0,3376.0,0.0695
3377.0,0.0,3377.0,0.0463
3378.0,0.0,3378.0,0.0579
3379.0,0.0,3379.0,0.0463
3380.0,0.0,3380.0,0.0463
3381.0,0.0,3381.0,0.0463
3382.0,0.0,3382.0,0.0463
3383.0,0.0,3383.0,0.0579
3384.0,0.0,3384.0,0.0579
3385.0,0.0,3385.0,0.0579
3386.0,0.521,3386.0,0.0579
3387.0,0.0,3387.0,0.0579
3388.0,0.0,3388.0,0.0348
3389.0,0.0,3389.0,0.0579
3390.0,0.0,3390.0,0.0579
3391.0,0.0,3391.0,0.0463
3392.0,0.0,3392.0,0.0463
3393.0,0.0,3393.0,0.0463
3394.0,0.0,3394.0,0.0579
3395.0,0.521,3395.0,0.0463
3396.0,0.0,3396.0,0.0463
3397.0,0.0,3397.0,0.0463
3398.0,0.0,3398.0,0.0811
3399.0,0.0,3399.0,0.0579
3400.0,0.0,3400.0,0.0463
3401.0,0.0,3401.0,0.0463
3402.0,0.0,3402.0,0.0695
3403.0,0.0,3403.0,0.0579
3404.0,0.521,3404.0,0.0579
3405.0,0.0,3405.0,0.0579
3406.0,0.0,3406.0,0.0579
3407.0,0.0,3407.0,0.0579
3408.0,0.0,3408.0,0.0579
3409.0,0.0,3409.0,0.0463
3410.0,0.0,3410.0,0.0579
3411.0,0.0,3411.0,0.0579
3412.0,0.0,3412.0,0.0695
3413.0,0.521,3413.0,0.0695
3414.0,0.0,3414.0,0.0463
3415.0,0.0,3415.0,0.0463
3416.0,0.0,3416.0,0.0463
3417.0,0.0,3417.0,0.0579
3418.0,0.0,3418.0,0.0463
3419.0,0.0,3419.0,0.0579
3420.0,0.0,3420.0,0.0579
3421.0,0.0,3421.0,0.0579
3422.0,0.0,3422.0,0.0579
3423.0,0.0,3423.0,0.0695
3424.0,0.521,3424.0,0.0463
3425.0,0.0,3425.0,0.0695
3426.0,0.0,3426.0,0.0579
3427.0,0.0,3427.0,0.0579
3428.0,0.0,3428.0,0.0232
3429.0,0.0,3429.0,0.0463
3430.0,0.0,3430.0,0.0811
3431.0,0.0,3431.0,0.0579
3432.0,0.0,3432.0,0.0695
3433.0,0.521,3433.0,0.0579
3434.0,0.0,3434.0,0.0579
3435.0,0.0,3435.0,0.0579
3436.0,0.0,3436.0,0.0463
3437.0,0.0,3437.0,0.0695
3438.0,0.0,3438.0,0.0695
3439.0,0.0,3439.0,0.0579
3440.0,0.0,3440.0,0.0463
3441.0,0.0,3441.0,0.0579
3442.0,0.521,3442.0,0.0811
3443.0,0.0,3443.0,0.0463
3444.0,0.0,3444.0,0.0348
3445.0,0.0,3445.0,0.0579
3446.0,0.0,3446.0,0.0695
3447.0,0.0,3447.0,0.0579
3448.0,0.0,3448.0,0.0579
3449.0,0.0,3449.0,0.0579
3450.0,0.0,3450.0,0.0579
3451.0,0.521,3451.0,0.0811
3452.0,0.0,3452.0,0.0927
3453.0,0.0,3453.0,0.0463
3454.0,0.0,3454.0,0.0579
3455.0,0.0,3455.0,0.0695
3456.0,0.0,3456.0,0.0348
3457.0,0.0,3457.0,0.0463
3458.0,0.521,3458.0,0.0579
3459.0,0.0,3459.0,0.0579
3460.0,0.0,3460.0,0.0579
3461.0,0.0,3461.0,0.0695
3462.0,0.0,3462.0,0.0579
3463.0,0.0,3463.0,0.0579
3464.0,0.0,3464.0,0.0811
3465.0,0.0,3465.0,0.0927
3466.0,0.0,3466.0,0.0463
3467.0,0.0,3467.0,0.0695
3468.0,0.521,3468.0,0.0579
3469.0,0.0,3469.0,0.0811
3470.0,0.0,3470.0,0.0348
3471.0,0.0,3471.0,0.0232
3472.0,0.0,3472.0,0.0463
3473.0,0.0,3473.0,0.0695
3474.0,0.0,3474.0,0.0695
3475.0,0.0,3475.0,0.0579
3476.0,0.0,3476.0,0.0579
3477.0,0.521,3477.0,0.0695
3478.0,0.0,3478.0,0.0927
3479.0,0.0,3479.0,0.0579
3480.0,0.0,3480.0,0.0695
3481.0,0.0,3481.0,0.0579
3482.0,0.0,3482.0,0.0811
3483.0,0.521,3483.0,0.0695
3484.0,0.0,3484.0,0.0463
3485.0,0.0,3485.0,0.0232
3486.0,0.0,3486.0,0.0695
3487.0,0.0,3487.0,0.0579
3488.0,0.0,3488.0,0.0579
3489.0,0.0,3489.0,0.0463
3490.0,0.0,3490.0,0.116
3491.0,0.0,3491.0,0.0695
3492.0,0.0,3492.0,0.0695
3493.0,0.521,3493.0,0.0695
3494.0,0.0,3494.0,0.0579
3495.0,0.0,3495.0,0.0463
3496.0,0.0,3496.0,0.0695
3497.0,0.0,3497.0,0.0927
3498.0,0.0,3498.0,0.0463
3499.0,0.0,3499.0,0.0463
3500.0,0.0,3500.0,0.0695
3501.0,0.521,3501.0,0.0695
3502.0,0.0,3502.0,0.0811
3503.0,0.0,3503.0,0.0579
3504.0,0.0,3504.0,0.0695
3505.0,0.0,3505.0,0.0695
3506.0,0.0,3506.0,0.0811
3507.0,0.0,3507.0,0.0463
3508.0,0.0,3508.0,0.0695
3509.0,0.521,3509.0,0.0695
3510.0,0.0,3510.0,0.0695
3511.0,0.0,3511.0,0.0348
3512.0,0.0,3512.0,0.0463
3513.0,0.0,3513.0,0.0695
3514.0,0.0,3514.0,0.0811
3515.0,0.0,3515.0,0.0811
3516.0,0.0,3516.0,0.0695
3517.0,0.521,3517.0,0.0463
3518.0,0.0,3518.0,0.0579
3519.0,0.0,3519.0,0.0463
3520.0,0.0,3520.0,0.0695
3521.0,0.0,3521.0,0.0579
3522.0,0.0,3522.0,0.0579
3523.0,0.0,3523.0,0.0695
3524.0,0.521,3524.0,0.0463
3525.0,0.0,3525.0,0.0579
3526.0,0.0,3526.0,0.0463
3527.0,0.0,3527.0,0.0579
3528.0,0.0,3528.0,0.0927
3529.0,0.0,3529.0,0.0579
3530.0,0.0,3530.0,0.0695
3531.0,0.0,3531.0,0.0579
3532.0,0.0,3532.0,0.0463
3533.0,0.0,3533.0,0.0695
3534.0,0.0,3534.0,0.0579
3535.0,0.0,3535.0,0.0579
3536.0,0.521,3536.0,0.0579
3537.0,0.0,3537.0,0.0463
3538.0,0.0,3538.0,0.0695
3539.0,0.0,3539.0,0.0463
3540.0,0.0,3540.0,0.0232
3541.0,0.0,3541.0,0.0811
3542.0,0.521,3542.0,0.0579
3543.0,0.0,3543.0,0.0579
3544.0,0.0,3544.0,0.0579
3545.0,0.0,3545.0,0.0695
3546.0,0.0,3546.0,0.0579
3547.0,0.0,3547.0,0.0463
3548.0,0.0,3548.0,0.0579
3549.0,0.0,3549.0,0.0579
3550.0,0.0,3550.0,0.0579
3551.0,0.0,3551.0,0.0463
3552.0,0.521,3552.0,0.0579
3553.0,0.0,3553.0,0.0579
3554.0,0.0,3554.0,0.0463
3555.0,0.0,3555.0,0.0463
3556.0,0.0,3556.0,0.0579
3557.0,0.0,3557.0,0.0579
3558.0,0.0,3558.0,0.0579
3559.0,0.0,3559.0,0.0579
3560.0,0.0,3560.0,0.0463
3561.0,0.0,3561.0,0.0579
3562.0,0.0,3562.0,0.0695
3563.0,0.521,3563.0,0.0579
3564.0,0.0,3564.0,0.0695
3565.0,0.0,3565.0,0.0463
3566.0,0.0,3566.0,0.0579
3567.0,0.0,3567.0,0.0695
3568.0,0.0,3568.0,0.0348
3569.0,0.0,3569.0,0.0348
3570.0,0.0,3570.0,0.0811
3571.0,0.521,3571.0,0.0579
3572.0,0.0,3572.0,0.0579
3573.0,0.0,3573.0,0.0811
3574.0,0.0,3574.0,0.0348
3575.0,0.0,3575.0,0.0579
3576.0,0.0,3576.0,0.0463
3577.0,0.0,3577.0,0.0579
3578.0,0.0,3578.0,0.0695
3579.0,0.0,3579.0,0.0695
3580.0,0.521,3580.0,0.0695
3581.0,0.0,3581.0,0.0811
3582.0,0.0,3582.0,0.0579
3583.0,0.0,3583.0,0.0348
3584.0,0.0,3584.0,0.0811
3585.0,0.0,3585.0,0.0579
3586.0,0.0,3586.0,0.0695
3587.0,0.0,3587.0,0.0695
3588.0,0.521,3588.0,0.0348
3589.0,0.0,3589.0,0.0579
3590.0,0.0,3590.0,0.0695
3591.0,0.0,3591.0,0.0463
3592.0,0.0,3592.0,0.0695
3593.0,0.0,3593.0,0.0811
3594.0,0.0,3594.0,0.0927
3595.0,0.521,3595.0,0.0927
3596.0,0.0,3596.0,0.0579
3597.0,0.0,3597.0,0.0811
3598.0,0.0,3598.0,0.0695
3599.0,0.0,3599.0,0.0579
3600.0,0.0,3600.0,0.0695
3601.0,0.0,3601.0,0.0579
3602.0,0.0,3602.0,0.0695
3603.0,0.0,3603.0,0.0695
3604.0,0.521,3604.0,0.0695
3605.0,0.0,3605.0,0.0811
3606.0,0.0,3606.0,0.0695
3607.0,0.0,3607.0,0.104
3608.0,0.0,3608.0,0.0927
3609.0,0.521,3609.0,0.0695
3610.0,0.0,3610.0,0.0579
3611.0,0.0,3611.0,0.0695
3612.0,0.0,3612.0,0.0811
3613.0,0.0,3613.0,0.0811
3614.0,0.0,3614.0,0.0695
3615.0,0.0,3615.0,0.0463
3616.0,0.0,3616.0,0.0811
3617.0,0.0,3617.0,0.0695
3618.0,0.521,3618.0,0.0811
3619.0,0.0,3619.0,0.0695
3620.0,0.0,3620.0,0.0695
3621.0,0.0,3621.0,0.104
3622.0,0.521,3622.0,0.127
3623.0,0.0,3623.0,0.0695
3624.0,0.0,3624.0,0.0811
3625.0,0.0,3625.0,0.0927
3626.0,0.0,3626.0,0.0695
3627.0,0.0,3627.0,0.0695
3628.0,0.0,3628.0,0.0695
3629.0,0.0,3629.0,0.0811
3630.0,0.0,3630.0,0.0811
3631.0,0.521,3631.0,0.0695
3632.0,0.0,3632.0,0.0811
3633.0,0.0,3633.0,0.0579
3634.0,0.0,3634.0,0.0927
3635.0,0.0,3635.0,0.0811
3636.0,0.521,3636.0,0.0695
3637.0,0.0,3637.0,0.0811
3638.0,0.0,3638.0,0.0811
3639.0,0.0,3639.0,0.0811
3640.0,0.0,3640.0,0.0811
3641.0,0.0,3641.0,0.0927
3642.0,0.0,3642.0,0.0579
3643.0,0.0,3643.0,0.0811
3644.0,0.521,3644.0,0.0927
3645.0,0.0,3645.0,0.0811
3646.0,0.0,3646.0,0.0811
3647.0,0.0,3647.0,0.116
3648.0,0.0,3648.0,0.0579
3649.0,0.521,3649.0,0.0579
3650.0,0.0,3650.0,0.0695
3651.0,0.0,3651.0,0.0695
3652.0,0.0,3652.0,0.0811
3653.0,0.0,3653.0,0.0695
3654.0,0.0,3654.0,0.0927
3655.0,0.0,3655.0,0.0695
3656.0,0.0,3656.0,0.0695
3657.0,0.0,3657.0,0.0811
3658.0,0.521,3658.0,0.0695
3659.0,0.0,3659.0,0.0811
3660.0,0.0,3660.0,0.0811
3661.0,0.0,3661.0,0.0927
3662.0,0.0,3662.0,0.0695
3663.0,0.521,3663.0,0.0695
3664.0,0.0,3664.0,0.0579
3665.0,0.0,3665.0,0.0811
3666.0,0.0,3666.0,0.0579
3667.0,0.0,3667.0,0.0811
3668.0,0.0,3668.0,0.0695
3669.0,0.0,3669.0,0.0811
3670.0,0.0,3670.0,0.0695
3671.0,0.0,3671.0,0.0811
3672.0,0.521,3672.0,0.0695
3673.0,0.0,3673.0,0.0579
3674.0,0.0,3674.0,0.0695
3675.0,0.0,3675.0,0.0927
3676.0,0.0,3676.0,0.0695
3677.0,0.0,3677.0,0.0811
3678.0,0.521,3678.0,0.0579
3679.0,0.0,3679.0,0.0811
3680.0,0.0,3680.0,0.0579
3681.0,0.0,3681.0,0.0695
3682.0,0.0,3682.0,0.0695
3683.0,0.0,3683.0,0.0695
3684.0,0.0,3684.0,0.0695
3685.0,0.0,3685.0,0.0695
3686.0,0.521,3686.0,0.0579
3687.0,0.0,3687.0,0.0579
3688.0,0.0,3688.0,0.0811
3689.0,0.0,3689.0,0.0811
3690.0,0.0,3690.0,0.0579
3691.0,0.0,3691.0,0.0695
3692.0,0.0,3692.0,0.0811
3693.0,0.521,3693.0,0.0579
3694.0,0.0,3694.0,0.104
3695.0,0.0,3695.0,0.0579
3696.0,0.0,3696.0,0.0811
3697.0,0.0,3697.0,0.0927
3698.0,0.0,3698.0,0.0695
3699.0,0.521,3699.0,0.0811
3700.0,0.0,3700.0,0.0811
3701.0,0.0,3701.0,0.0695
3702.0,0.0,3702.0,0.0927
3703.0,0.0,3703.0,0.0695
3704.0,0.0,3704.0,0.0579
3705.0,0.0,3705.0,0.0579
3706.0,0.0,3706.0,0.0811
3707.0,0.0,3707.0,0.0695
3708.0,0.521,3708.0,0.0811
3709.0,0.0,3709.0,0.0695
3710.0,0.0,3710.0,0.0811
3711.0,0.0,3711.0,0.0811
3712.0,0.0,3712.0,0.116
3713.0,0.521,3713.0,0.116
3714.0,0.0,3714.0,0.0463
3715.0,0.0,3715.0,0.0927
3716.0,0.0,3716.0,0.0811
3717.0,0.0,3717.0,0.0811
3718.0,0.0,3718.0,0.0811
3719.0,0.0,3719.0,0.0695
3720.0,0.0,3720.0,0.0579
3721.0,0.521,3721.0,0.0811
3722.0,0.0,3722.0,0.0695
3723.0,0.0,3723.0,0.0811
3724.0,0.0,3724.0,0.104
3725.0,0.0,3725.0,0.0811
3726.0,0.0,3726.0,0.0927
3727.0,0.521,3727.0,0.0579
3728.0,0.0,3728.0,0.0927
3729.0,0.0,3729.0,0.0927
3730.0,0.0,3730.0,0.0811
3731.0,0.0,3731.0,0.0695
3732.0,0.0,3732.0,0.0811
3733.0,0.521,3733.0,0.0811
3734.0,0.0,3734.0,0.0811
3735.0,0.0,3735.0,0.0695
3736.0,0.0,3736.0,0.0811
3737.0,0.0,3737.0,0.0695
3738.0,0.0,3738.0,0.0695
3739.0,0.0,3739.0,0.0811
3740.0,0.521,3740.0,0.0348
3741.0,0.0,3741.0,0.0927
3742.0,0.0,3742.0,0.0927
3743.0,0.0,3743.0,0.0695
3744.0,0.0,3744.0,0.0927
3745.0,0.0,3745.0,0.0579
3746.0,0.0,3746.0,0.0927
3747.0,0.0,3747.0,0.0695
3748.0,0.521,3748.0,0.0695
3749.0,0.0,3749.0,0.0695
3750.0,0.0,3750.0,0.0695
3751.0,0.0,3751.0,0.0579
3752.0,0.0,3752.0,0.0927
3753.0,0.521,3753.0,0.0695
3754.0,0.0,3754.0,0.0579
3755.0,0.0,3755.0,0.0695
3756.0,0.0,3756.0,0.0695
3757.0,0.0,3757.0,0.0695
3758.0,0.0,3758.0,0.0695
3759.0,0.0,3759.0,0.0695
3760.0,0.0,3760.0,0.0811
3761.0,0.0,3761.0,0.0579
3762.0,0.0,3762.0,0.0695
3763.0,0.521,3763.0,0.0695
3764.0,0.0,3764.0,0.0463
3765.0,0.0,3765.0,0.104
3766.0,0.0,3766.0,0.0579
3767.0,0.0,3767.0,0.0348
3768.0,0.521,3768.0,0.0695
3769.0,0.0,3769.0,0.0579
3770.0,0.0,3770.0,0.0579
3771.0,0.0,3771.0,0.0579
3772.0,0.0,3772.0,0.0811
3773.0,0.0,3773.0,0.0463
3774.0,0.0,3774.0,0.0695
3775.0,0.0,3775.0,0.0695
3776.0,0.0,3776.0,0.0579
3777.0,0.0,3777.0,0.0579
3778.0,0.0,3778.0,0.0579
3779.0,0.521,3779.0,0.0811
3780.0,0.0,3780.0,0.0811
3781.0,0.0,3781.0,0.0463
3782.0,0.0,3782.0,0.0695
3783.0,0.0,3783.0,0.0463
3784.0,0.0,3784.0,0.0579
3785.0,0.0,3785.0,0.0579
3786.0,0.0,3786.0,0.0811
3787.0,0.521,3787.0,0.0463
3788.0,0.0,3788.0,0.0811
3789.0,0.0,3789.0,0.0463
3790.0,0.0,3790.0,0.0695
3791.0,0.0,3791.0,0.0695
3792.0,0.0,3792.0,0.0463
3793.0,0.0,3793.0,0.0811
3794.0,0.521,3794.0,0.0695
3795.0,0.0,3795.0,0.0811
3796.0,0.0,3796.0,0.0579
3797.0,0.0,3797.0,0.0579
3798.0,0.0,3798.0,0.0463
3799.0,0.0,3799.0,0.0811
3800.0,0.0,3800.0,0.0348
3801.0,0.0,3801.0,0.0695
3802.0,0.0,3802.0,0.0463
3803.0,0.521,3803.0,0.0463
3804.0,0.0,3804.0,0.0579
3805.0,0.0,3805.0,0.0579
3806.0,0.0,3806.0,0.0579
3807.0,0.0,3807.0,0.0811
3808.0,0.0,3808.0,0.0695
3809.0,0.0,3809.0,0.0579
3810.0,0.0,3810.0,0.0463
3811.0,0.0,3811.0,0.0695
3812.0,0.521,3812.0,0.0579
3813.0,0.0,3813.0,0.0695
3814.0,0.0,3814.0,0.0348
3815.0,0.0,3815.0,0.0695
3816.0,0.0,3816.0,0.0579
3817.0,0.0,3817.0,0.0232
3818.0,0.0,3818.0,0.0579
3819.0,0.0,3819.0,0.0463
3820.0,0.521,3820.0,0.0695
3821.0,0.0,3821.0,0.0695
3822.0,0.0,3822.0,0.0463
3823.0,0.0,3823.0,0.0579
3824.0,0.0,3824.0,0.0579
3825.0,0.0,3825.0,0.0579
3826.0,0.0,3826.0,0.0579
3827.0,0.0,3827.0,0.0695
3828.0,0.0,3828.0,0.0463
3829.0,0.0,3829.0,0.0579
3830.0,0.521,3830.0,0.0695
3831.0,0.0,3831.0,0.0463
3832.0,0.0,3832.0,0.0463
3833.0,0.0,3833.0,0.0579
3834.0,0.0,3834.0,0.0695
3835.0,0.0,3835.0,0.0579
3836.0,0.0,3836.0,0.0579
3837.0,0.0,3837.0,0.0579
3838.0,0.0,3838.0,0.0463
3839.0,0.0,3839.0,0.0695
3840.0,0.521,3840.0,0.0579
3841.0,0.0,3841.0,0.0579
3842.0,0.0,3842.0,0.0695
3843.0,0.0,3843.0,0.0695
3844.0,0.0,3844.0,0.0463
3845.0,0.0,3845.0,0.0579
3846.0,0.0,3846.0,0.0579
3847.0,0.521,3847.0,0.0579
3848.0,0.0,3848.0,0.0463
3849.0,0.0,3849.0,0.0579
3850.0,0.0,3850.0,0.0579
3851.0,0.0,3851.0,0.0579
3852.0,0.0,3852.0,0.0695
3853.0,0.0,3853.0,0.0927
3854.0,0.0,3854.0,0.0463
3855.0,0.0,3855.0,0.0695
3856.0,0.0,3856.0,0.0695
3857.0,0.521,3857.0,0.0811
3858.0,0.0,3858.0,0.0695
3859.0,0.0,3859.0,0.0811
3860.0,0.0,3860.0,0.0579
3861.0,0.0,3861.0,0.0695
3862.0,0.0,3862.0,0.0695
3863.0,0.0,3863.0,0.0695
3864.0,0.521,3864.0,0.0579
3865.0,0.0,3865.0,0.0695
3866.0,0.0,3866.0,0.0463
3867.0,0.0,3867.0,0.0695
3868.0,0.0,3868.0,0.0463
3869.0,0.0,3869.0,0.0579
3870.0,0.0,3870.0,0.0348
3871.0,0.0,3871.0,0.0463
3872.0,0.521,3872.0,0.0811
3873.0,0.0,3873.0,0.0695
3874.0,0.0,3874.0,0.0579
3875.0,0.0,3875.0,0.0579
3876.0,0.0,3876.0,0.0695
3877.0,0.0,3877.0,0.0811
3878.0,0.0,3878.0,0.0695
3879.0,0.0,3879.0,0.0695
3880.0,0.0,3880.0,0.0927
3881.0,0.0,3881.0,0.0695
3882.0,0.521,3882.0,0.0579
3883.0,0.0,3883.0,0.0927
3884.0,0.0,3884.0,0.0579
3885.0,0.0,3885.0,0.0927
3886.0,0.0,3886.0,0.0695
3887.0,0.521,3887.0,0.0695
3888.0,0.0,3888.0,0.0695
3889.0,0.0,3889.0,0.0811
3890.0,0.0,3890.0,0.0579
3891.0,0.0,3891.0,0.0811
3892.0,0.0,3892.0,0.0695
3893.0,0.0,3893.0,0.0579
3894.0,0.0,3894.0,0.0695
3895.0,0.521,3895.0,0.0579
3896.0,0.0,3896.0,0.0579
3897.0,0.0,3897.0,0.0463
3898.0,0.0,3898.0,0.0579
3899.0,0.0,3899.0,0.0811
3900.0,0.0,3900.0,0.0695
3901.0,0.0,3901.0,0.0695
3902.0,0.0,3902.0,0.0579
3903.0,0.0,3903.0,0.0579
3904.0,0.0,3904.0,0.0695
3905.0,0.521,3905.0,0.0695
3906.0,0.0,3906.0,0.0579
3907.0,0.0,3907.0,0.0695
3908.0,0.0,3908.0,0.0579
3909.0,0.0,3909.0,0.0579
3910.0,0.0,3910.0,0.0232
3911.0,0.521,3911.0,0.0695
3912.0,0.0,3912.0,0.0811
3913.0,0.0,3913.0,0.0695
3914.0,0.0,3914.0,0.0579
3915.0,0.0,3915.0,0.0811
3916.0,0.0,3916.0,0.0579
3917.0,0.0,3917.0,0.0579
3918.0,0.0,3918.0,0.0695
3919.0,0.0,3919.0,0.0579
3920.0,0.0,3920.0,0.0695
3921.0,0.0,3921.0,0.0579
3922.0,0.521,3922.0,0.0348
3923.0,0.0,3923.0,0.0
3924.0,0.0,3924.0,0.0463
3925.0,0.0,3925.0,0.0579
3926.0,0.0,3926.0,0.0579
3927.0,0.0,3927.0,0.0579
3928.0,0.0,3928.0,0.0695
3929.0,0.0,3929.0,0.0579
3930.0,0.0,3930.0,0.0579
3931.0,0.521,3931.0,0.0579
3932.0,0.0,3932.0,0.0695
3933.0,0.0,3933.0,0.0579
3934.0,0.0,3934.0,0.0463
3935.0,0.0,3935.0,0.0579
3936.0,0.0,3936.0,0.0
3937.0,0.0,3937.0,0.0116
3938.0,0.0,3938.0,0.0348
3939.0,0.0,3939.0,0.0579
3940.0,0.0,3940.0,0.0579
3941.0,0.0,3941.0,0.0579
3942.0,0.521,3942.0,0.0695
3943.0,0.0,3943.0,0.0463
3944.0,0.0,3944.0,0.0579
3945.0,0.0,3945.0,0.0579
3946.0,0.0,3946.0,0.0463
3947.0,0.0,3947.0,0.0463
3948.0,0.0,3948.0,0.0348
3949.0,0.0,3949.0,0.0811
3950.0,0.0,3950.0,0.0348
3951.0,0.0,3951.0,0.0
3952.0,0.521,3952.0,0.0579
3953.0,0.0,3953.0,0.0463
3954.0,0.0,3954.0,0.0463
3955.0,0.0,3955.0,0.0463
3956.0,0.0,3956.0,0.0695
3957.0,0.0,3957.0,0.0463
3958.0,0.0,3958.0,0.0463
3959.0,0.0,3959.0,0.0579
3960.0,0.0,3960.0,0.0463
3961.0,0.0,3961.0,0.0579
3962.0,0.0,3962.0,0.0463
3963.0,0.521,3963.0,0.0695
3964.0,0.0,3964.0,0.0116
3965.0,0.0,3965.0,0.0463
3966.0,0.0,3966.0,0.0463
3967.0,0.0,3967.0,0.0463
3968.0,0.0,3968.0,0.0463
3969.0,0.0,3969.0,0.0579
3970.0,0.0,3970.0,0.0579
3971.0,0.0,3971.0,0.0463
3972.0,0.521,3972.0,0.0579
3973.0,0.0,3973.0,0.0579
3974.0,0.0,3974.0,0.0348
3975.0,0.0,3975.0,0.0579
3976.0,0.0,3976.0,0.0116
3977.0,0.0,3977.0,0.0463
3978.0,0.0,3978.0,0.0348
3979.0,0.0,3979.0,0.0579
3980.0,0.0,3980.0,0.0695
3981.0,0.0,3981.0,0.0579
3982.0,0.0,3982.0,0.0463
3983.0,0.521,3983.0,0.0579
3984.0,0.0,3984.0,0.0579
3985.0,0.0,3985.0,0.0579
3986.0,0.0,3986.0,0.0811
3987.0,0.0,3987.0,0.0348
3988.0,0.0,3988.0,0.0463
3989.0,0.0,3989.0,0.0232
3990.0,0.0,3990.0,0.0348
3991.0,0.0,3991.0,0.0463
3992.0,0.0,3992.0,0.0695
3993.0,0.521,3993.0,0.0579
3994.0,0.0,3994.0,0.0811
3995.0,0.0,3995.0,0.0695
3996.0,0.0,3996.0,0.0463
3997.0,0.0,3997.0,0.0695
3998.0,0.0,3998.0,0.0695
3999.0,0.0,3999.0,0.0695
4000.0,0.0,4000.0,0.0695
4001.0,0.0,4001.0,0.0695
4002.0,0.0,4002.0,0.0348
4003.0,0.521,4003.0,0.0116
4004.0,0.0,4004.0,0.0348
4005.0,0.0,4005.0,0.0579
4006.0,0.0,4006.0,0.0695
4007.0,0.0,4007.0,0.0579
4008.0,0.0,4008.0,0.0811
4009.0,0.0,4009.0,0.0463
4010.0,0.0,4010.0,0.0695
4011.0,0.0,4011.0,0.0695
4012.0,0.521,4012.0,0.0695
4013.0,0.0,4013.0,0.0695
4014.0,0.0,4014.0,0.0695
4015.0,0.0,4015.0,0.0695
4016.0,0.0,4016.0,0.0348
4017.0,0.0,4017.0,0.0
4018.0,0.0,4018.0,0.0579
4019.0,0.0,4019.0,0.0579
4020.0,0.0,4020.0,0.0695
4021.0,0.521,4021.0,0.0579
4022.0,0.0,4022.0,0.0695
4023.0,0.0,4023.0,0.0811
4024.0,0.0,4024.0,0.0579
4025.0,0.0,4025.0,0.0579
4026.0,0.0,4026.0,0.0811
4027.0,0.0,4027.0,0.0579
4028.0,0.0,4028.0,0.0695
4029.0,0.0,4029.0,0.0695
4030.0,0.521,4030.0,0.0
4031.0,0.0,4031.0,0.0463
4032.0,0.0,4032.0,0.0695
4033.0,0.0,4033.0,0.0695
4034.0,0.0,4034.0,0.0579
4035.0,0.0,4035.0,0.0579
4036.0,0.0,4036.0,0.0695
4037.0,0.0,4037.0,0.0695
4038.0,0.0,4038.0,0.0695
4039.0,0.521,4039.0,0.0695
4040.0,0.0,4040.0,0.0579
4041.0,0.0,4041.0,0.0811
4042.0,0.0,4042.0,0.0463
4043.0,0.0,4043.0,0.0116
4044.0,0.0,4044.0,0.0348
4045.0,0.0,4045.0,0.0927
4046.0,0.521,4046.0,0.0811
4047.0,0.0,4047.0,0.0811
4048.0,0.0,4048.0,0.0579
4049.0,0.0,4049.0,0.0811
4050.0,0.0,4050.0,0.0695
4051.0,0.0,4051.0,0.0695
4052.0,0.0,4052.0,0.0695
4053.0,0.0,4053.0,0.0579
4054.0,0.0,4054.0,0.0579
4055.0,0.0,4055.0,0.0579
4056.0,0.521,4056.0,0.0
4057.0,0.0,4057.0,0.0579
4058.0,0.0,4058.0,0.0579
4059.0,0.0,4059.0,0.0811
4060.0,0.0,4060.0,0.0927
4061.0,0.0,4061.0,0.0695
4062.0,0.0,4062.0,0.0811
4063.0,0.0,4063.0,0.0811
4064.0,0.521,4064.0,0.0695
4065.0,0.0,4065.0,0.0927
4066.0,0.0,4066.0,0.0463
4067.0,0.0,4067.0,0.0579
4068.0,0.0,4068.0,0.0232
4069.0,0.0,4069.0,0.0116
4070.0,0.521,4070.0,0.0348
4071.0,0.0,4071.0,0.0695
4072.0,0.0,4072.0,0.0927
4073.0,0.0,4073.0,0.0927
4074.0,0.0,4074.0,0.0695
4075.0,0.0,4075.0,0.0927
4076.0,0.0,4076.0,0.0695
4077.0,0.0,4077.0,0.0811
4078.0,0.0,4078.0,0.0695
4079.0,0.521,4079.0,0.0579
4080.0,0.0,4080.0,0.0579
4081.0,0.0,4081.0,0.0579
4082.0,0.0,4082.0,0.0232
4083.0,0.0,4083.0,0.0348
4084.0,0.0,4084.0,0.0463
4085.0,0.0,4085.0,0.0811
4086.0,0.0,4086.0,0.0695
4087.0,0.521,4087.0,0.0811
4088.0,0.0,4088.0,0.0811
4089.0,0.0,4089.0,0.0695
4090.0,0.0,4090.0,0.0695
4091.0,0.0,4091.0,0.0348
4092.0,0.0,4092.0,0.0811
4093.0,0.0,4093.0,0.0348
4094.0,0.0,4094.0,0.0695
4095.0,0.0,4095.0,0.0232
4096.0,0.0,4096.0,0.0116
4097.0,0.521,4097.0,0.0348
4098.0,0.0,4098.0,0.0579
4099.0,0.0,4099.0,0.0695
4100.0,0.0,4100.0,0.0695
4101.0,0.0,4101.0,0.0811
4102.0,0.0,4102.0,0.0695
4103.0,0.0,4103.0,0.0811
4104.0,0.0,4104.0,0.0463
4105.0,0.0,4105.0,0.0811
4106.0,0.0,4106.0,0.0579
4107.0,0.521,4107.0,0.0695
4108.0,0.0,4108.0,0.0579
4109.0,0.0,4109.0,0.0232
4110.0,0.0,4110.0,0.0
4111.0,0.0,4111.0,0.0463
4112.0,0.0,4112.0,0.0579
4113.0,0.0,4113.0,0.0695
4114.0,0.521,4114.0,0.0579
4115.0,0.0,4115.0,0.0811
4116.0,0.0,4116.0,0.0695
4117.0,0.0,4117.0,0.0579
4118.0,0.0,4118.0,0.0579
4119.0,0.0,4119.0,0.0463
4120.0,0.0,4120.0,0.0695
4121.0,0.0,4121.0,0.0579
4122.0,0.0,4122.0,0.0579
4123.0,0.0,4123.0,0.0116
4124.0,0.521,4124.0,0.0348
4125.0,0.0,4125.0,0.0348
4126.0,0.0,4126.0,0.0695
4127.0,0.0,4127.0,0.0695
4128.0,0.0,4128.0,0.0695
4129.0,0.0,4129.0,0.0811
4130.0,0.0,4130.0,0.0579
4131.0,0.0,4131.0,0.0579
4132.0,0.0,4132.0,0.0695
4133.0,0.0,4133.0,0.0695
4134.0,0.521,4134.0,0.0463
4135.0,0.0,4135.0,0.0695
4136.0,0.0,4136.0,0.0348
4137.0,0.0,4137.0,0.0116
4138.0,0.0,4138.0,0.0348
4139.0,0.0,4139.0,0.0579
4140.0,0.0,4140.0,0.0463
4141.0,0.0,4141.0,0.0695
4142.0,0.0,4142.0,0.0695
4143.0,0.0,4143.0,0.0927
4144.0,0.521,4144.0,0.0695
4145.0,0.0,4145.0,0.0811
4146.0,0.0,4146.0,0.0695
4147.0,0.0,4147.0,0.0695
4148.0,0.0,4148.0,0.0579
4149.0,0.0,4149.0,0.0695
4150.0,0.0,4150.0,0.0116
4151.0,0.521,4151.0,0.0463
4152.0,0.0,4152.0,0.0348
4153.0,0.0,4153.0,0.0695
4154.0,0.0,4154.0,0.0579
4155.0,0.0,4155.0,0.0695
4156.0,0.0,4156.0,0.0695
4157.0,0.0,4157.0,0.0811
4158.0,0.0,4158.0,0.127
4159.0,0.0,4159.0,0.0811
4160.0,0.521,4160.0,0.116
4161.0,0.0,4161.0,0.0927
4162.0,0.0,4162.0,0.0927
4163.0,0.0,4163.0,0.0927
4164.0,0.0,4164.0,0.0463
4165.0,0.521,4165.0,0.0232
4166.0,0.0,4166.0,0.0232
4167.0,0.0,4167.0,0.0811
4168.0,0.0,4168.0,0.0811
4169.0,0.0,4169.0,0.0695
4170.0,0.0,4170.0,0.0927
4171.0,0.0,4171.0,0.0811
4172.0,0.0,4172.0,0.0927
4173.0,0.0,4173.0,0.0579
4174.0,0.521,4174.0,0.0811
4175.0,0.0,4175.0,0.0579
4176.0,0.0,4176.0,0.104
4177.0,0.0,4177.0,0.0348
4178.0,0.0,4178.0,0.0116
4179.0,0.0,4179.0,0.0232
4180.0,0.0,4180.0,0.0116
4181.0,0.0,4181.0,0.0927
4182.0,0.521,4182.0,0.0695
4183.0,0.0,4183.0,0.0811
4184.0,0.0,4184.0,0.0811
4185.0,0.0,4185.0,0.0927
4186.0,0.0,4186.0,0.0811
4187.0,0.0,4187.0,0.116
4188.0,0.0,4188.0,0.0695
4189.0,0.0,4189.0,0.0811
4190.0,0.521,4190.0,0.0927
4191.0,0.0,4191.0,0.0695
4192.0,0.0,4192.0,0.0579
4193.0,0.0,4193.0,0.0
4194.0,0.0,4194.0,0.0463
4195.0,0.0,4195.0,0.0232
4196.0,0.0,4196.0,0.104
4197.0,0.521,4197.0,0.0927
4198.0,0.0,4198.0,0.0927
4199.0,0.0,4199.0,0.0811
4200.0,0.0,4200.0,0.0811
4201.0,0.0,4201.0,0.0579
4202.0,0.0,4202.0,0.0463
4203.0,0.0,4203.0,0.0695
4204.0,0.0,4204.0,0.0579
4205.0,0.0,4205.0,0.0579
4206.0,0.521,4206.0,0.0579
4207.0,0.0,4207.0,0.0232
4208.0,0.0,4208.0,0.0
4209.0,0.0,4209.0,0.0463
4210.0,0.0,4210.0,0.0463
4211.0,0.0,4211.0,0.0927
4212.0,0.0,4212.0,0.0927
4213.0,0.0,4213.0,0.0811
4214.0,0.521,4214.0,0.0811
4215.0,0.0,4215.0,0.104
4216.0,0.0,4216.0,0.0463
4217.0,0.0,4217.0,0.0463
4218.0,0.0,4218.0,0.0811
4219.0,0.0,4219.0,0.0232
4220.0,0.0,4220.0,0.0811
4221.0,0.0,4221.0,0.0348
4222.0,0.0,4222.0,0.0463
4223.0,0.521,4223.0,0.0
4224.0,0.0,4224.0,0.0463
4225.0,0.0,4225.0,0.0348
4226.0,0.0,4226.0,0.0695
4227.0,0.0,4227.0,0.0811
4228.0,0.0,4228.0,0.104
4229.0,0.0,4229.0,0.0811
4230.0,0.0,4230.0,0.0811
4231.0,0.0,4231.0,0.0695
4232.0,0.521,4232.0,0.0695
4233.0,0.0,4233.0,0.0695
4234.0,0.0,4234.0,0.0579
4235.0,0.0,4235.0,0.0348
4236.0,0.0,4236.0,0.0348
4237.0,0.0,4237.0,0.0
4238.0,0.0,4238.0,0.0463
4239.0,0.521,4239.0,0.0695
4240.0,0.0,4240.0,0.0695
4241.0,0.0,4241.0,0.0811
4242.0,0.0,4242.0,0.0927
4243.0,0.0,4243.0,0.0927
4244.0,0.0,4244.0,0.0811
4245.0,0.0,4245.0,0.0695
4246.0,0.0,4246.0,0.0579
4247.0,0.0,4247.0,0.0695
4248.0,0.521,4248.0,0.0695
4249.0,0.0,4249.0,0.0116
4250.0,0.0,4250.0,0.0
4251.0,0.0,4251.0,0.0463
4252.0,0.0,4252.0,0.0232
4253.0,0.0,4253.0,0.0811
4254.0,0.0,4254.0,0.0927
4255.0,0.0,4255.0,0.0811
4256.0,0.0,4256.0,0.0927
4257.0,0.0,4257.0,0.0695
4258.0,0.521,4258.0,0.0695
4259.0,0.0,4259.0,0.0695
4260.0,0.0,4260.0,0.0811
4261.0,0.0,4261.0,0.0695
4262.0,0.0,4262.0,0.0579
4263.0,0.0,4263.0,0.0463
4264.0,0.0,4264.0,0.0
4265.0,0.521,4265.0,0.0116
4266.0,0.0,4266.0,0.0348
4267.0,0.0,4267.0,0.0463
4268.0,0.0,4268.0,0.0811
4269.0,0.0,4269.0,0.0811
4270.0,0.0,4270.0,0.0927
4271.0,0.0,4271.0,0.0579
4272.0,0.0,4272.0,0.0811
4273.0,0.0,4273.0,0.0695
4274.0,0.0,4274.0,0.0695
4275.0,0.0,4275.0,0.0463
4276.0,0.521,4276.0,0.0695
4277.0,0.0,4277.0,0.0463
4278.0,0.0,4278.0,0.0232
4279.0,0.0,4279.0,0.0348
4280.0,0.0,4280.0,0.0463
4281.0,0.0,4281.0,0.0695
4282.0,0.521,4282.0,0.0579
4283.0,0.0,4283.0,0.0695
4284.0,0.0,4284.0,0.0811
4285.0,0.0,4285.0,0.0695
4286.0,0.0,4286.0,0.0811
4287.0,0.0,4287.0,0.0579
4288.0,0.0,4288.0,0.0695
4289.0,0.0,4289.0,0.0695
4290.0,0.0,4290.0,0.0695
4291.0,0.0,4291.0,0.0811
4292.0,0.0,4292.0,0.0
4293.0,0.521,4293.0,0.0463
4294.0,0.0,4294.0,0.0463
4295.0,0.0,4295.0,0.0695
4296.0,0.0,4296.0,0.0811
4297.0,0.0,4297.0,0.0695
4298.0,0.0,4298.0,0.0927
4299.0,0.0,4299.0,0.0579
4300.0,0.521,4300.0,0.0579
4301.0,0.0,4301.0,0.0695
4302.0,0.0,4302.0,0.0695
4303.0,0.0,4303.0,0.0695
4304.0,0.0,4304.0,0.0579
4305.0,0.0,4305.0,0.0579
4306.0,0.0,4306.0,0.0116
4307.0,0.521,4307.0,0.0579
4308.0,0.0,4308.0,0.0811
4309.0,0.0,4309.0,0.0695
4310.0,0.0,4310.0,0.0579
4311.0,0.0,4311.0,0.0579
4312.0,0.0,4312.0,0.0811
4313.0,0.0,4313.0,0.0811
4314.0,0.0,4314.0,0.0695
4315.0,0.0,4315.0,0.0811
4316.0,0.0,4316.0,0.0811
4317.0,0.521,4317.0,0.0811
4318.0,0.0,4318.0,0.0811
4319.0,0.0,4319.0,0.0116
4320.0,0.0,4320.0,0.0463
4321.0,0.0,4321.0,0.0463
4322.0,0.0,4322.0,0.104
4323.0,0.0,4323.0,0.0927
4324.0,0.521,4324.0,0.104
4325.0,0.0,4325.0,0.0695
4326.0,0.0,4326.0,0.0927
4327.0,0.0,4327.0,0.0927
4328.0,0.0,4328.0,0.104
4329.0,0.0,4329.0,0.0927
4330.0,0.0,4330.0,0.0811
4331.0,0.521,4331.0,0.104
4332.0,0.0,4332.0,0.0579
4333.0,0.0,4333.0,0.0
4334.0,0.0,4334.0,0.0348
4335.0,0.0,4335.0,0.0463
4336.0,0.0,4336.0,0.0811
4337.0,0.521,4337.0,0.0927
4338.0,0.0,4338.0,0.104
4339.0,0.0,4339.0,0.104
4340.0,0.0,4340.0,0.0927
4341.0,0.0,4341.0,0.116
4342.0,0.0,4342.0,0.0811
4343.0,0.0,4343.0,0.0927
4344.0,0.0,4344.0,0.0811
4345.0,0.521,4345.0,0.0695
4346.0,0.0,4346.0,0.0
4347.0,0.0,4347.0,0.0463
4348.0,0.0,4348.0,0.0463
4349.0,0.0,4349.0,0.0927
4350.0,0.0,4350.0,0.0811
4351.0,0.521,4351.0,0.0927
4352.0,0.0,4352.0,0.104
4353.0,0.0,4353.0,0.0811
4354.0,0.0,4354.0,0.0695
4355.0,0.0,4355.0,0.0695
4356.0,0.0,4356.0,0.0695
4357.0,0.0,4357.0,0.0811
4358.0,0.0,4358.0,0.0348
4359.0,0.0,4359.0,0.0579
4360.0,0.521,4360.0,0.0
4361.0,0.0,4361.0,0.0463
4362.0,0.0,4362.0,0.0579
4363.0,0.0,4363.0,0.0927
4364.0,0.0,4364.0,0.104
4365.0,0.0,4365.0,0.0927
4366.0,0.0,4366.0,0.0695
4367.0,0.521,4367.0,0.0811
4368.0,0.0,4368.0,0.0811
4369.0,0.0,4369.0,0.0579
4370.0,0.0,4370.0,0.0695
4371.0,0.0,4371.0,0.0695
4372.0,0.0,4372.0,0.0695
4373.0,0.0,4373.0,0.0579
4374.0,0.0,4374.0,0.0
4375.0,0.521,4375.0,0.0463
4376.0,0.0,4376.0,0.0463
4377.0,0.0,4377.0,0.0927
4378.0,0.0,4378.0,0.104
4379.0,0.0,4379.0,0.104
4380.0,0.0,4380.0,0.0927
4381.0,0.0,4381.0,0.0695
4382.0,0.0,4382.0,0.104
4383.0,0.521,4383.0,0.0927
4384.0,0.0,4384.0,0.0811
4385.0,0.0,4385.0,0.0811
4386.0,0.0,4386.0,0.0811
4387.0,0.0,4387.0,0.0811
4388.0,0.0,4388.0,0.0
4389.0,0.521,4389.0,0.0579
4390.0,0.0,4390.0,0.0579
4391.0,0.0,4391.0,0.0927
4392.0,0.0,4392.0,0.104
4393.0,0.0,4393.0,0.104
4394.0,0.0,4394.0,0.0811
4395.0,0.521,4395.0,0.0927
4396.0,0.0,4396.0,0.0695
4397.0,0.0,4397.0,0.0579
4398.0,0.0,4398.0,0.0695
4399.0,0.0,4399.0,0.0463
4400.0,0.0,4400.0,0.0695
4401.0,0.0,4401.0,0.0
4402.0,0.521,4402.0,0.0463
4403.0,0.0,4403.0,0.0579
4404.0,0.0,4404.0,0.0811
4405.0,0.0,4405.0,0.0811
4406.0,0.0,4406.0,0.0927
4407.0,0.0,4407.0,0.0927
4408.0,0.0,4408.0,0.0695
4409.0,0.0,4409.0,0.0811
4410.0,0.521,4410.0,0.0695
4411.0,0.0,4411.0,0.0811
4412.0,0.0,4412.0,0.0927
4413.0,0.0,4413.0,0.0579
4414.0,0.0,4414.0,0.0463
4415.0,0.0,4415.0,0.0463
4416.0,0.521,4416.0,0.0463
4417.0,0.0,4417.0,0.0811
4418.0,0.0,4418.0,0.0811
4419.0,0.0,4419.0,0.0927
4420.0,0.0,4420.0,0.0579
4421.0,0.0,4421.0,0.0811
4422.0,0.0,4422.0,0.0811
4423.0,0.0,4423.0,0.0695
4424.0,0.0,4424.0,0.0811
4425.0,0.521,4425.0,0.0579
4426.0,0.0,4426.0,0.0695
4427.0,0.0,4427.0,0.0579
4428.0,0.0,4428.0,0.0116
4429.0,0.0,4429.0,0.0348
4430.0,0.0,4430.0,0.0811
4431.0,0.0,4431.0,0.0695
4432.0,0.0,4432.0,0.0927
4433.0,0.521,4433.0,0.0695
4434.0,0.0,4434.0,0.0695
4435.0,0.0,4435.0,0.0811
4436.0,0.0,4436.0,0.0695
4437.0,0.0,4437.0,0.0579
4438.0,0.0,4438.0,0.0927
4439.0,0.0,4439.0,0.0463
4440.0,0.521,4440.0,0.0579
4441.0,0.0,4441.0,0.0116
4442.0,0.0,4442.0,0.0579
4443.0,0.0,4443.0,0.0695
4444.0,0.0,4444.0,0.0811
4445.0,0.0,4445.0,0.0695
4446.0,0.0,4446.0,0.0695
4447.0,0.0,4447.0,0.0695
4448.0,0.0,4448.0,0.0579
4449.0,0.0,4449.0,0.0695
4450.0,0.521,4450.0,0.0579
4451.0,0.0,4451.0,0.0579
4452.0,0.0,4452.0,0.0579
4453.0,0.0,4453.0,0.0232
4454.0,0.0,4454.0,0.0232
4455.0,0.0,4455.0,0.0463
4456.0,0.0,4456.0,0.0695
4457.0,0.0,4457.0,0.0695
4458.0,0.0,4458.0,0.0695
4459.0,0.521,4459.0,0.0579
4460.0,0.0,4460.0,0.0811
4461.0,0.0,4461.0,0.0695
4462.0,0.0,4462.0,0.0579
4463.0,0.0,4463.0,0.0579
4464.0,0.0,4464.0,0.0579
4465.0,0.0,4465.0,0.0579
4466.0,0.0,4466.0,0.0348
4467.0,0.0,4467.0,0.0
4468.0,0.521,4468.0,0.0579
4469.0,0.0,4469.0,0.0695
4470.0,0.0,4470.0,0.0579
4471.0,0.0,4471.0,0.0811
4472.0,0.0,4472.0,0.0695
4473.0,0.0,4473.0,0.0463
4474.0,0.0,4474.0,0.0695
4475.0,0.0,4475.0,0.0463
4476.0,0.0,4476.0,0.0463
4477.0,0.0,4477.0,0.0579
4478.0,0.521,4478.0,0.0579
4479.0,0.0,4479.0,0.0579
4480.0,0.0,4480.0,0.0
4481.0,0.0,4481.0,0.0463
4482.0,0.0,4482.0,0.0695
4483.0,0.0,4483.0,0.0811
4484.0,0.0,4484.0,0.0811
4485.0,0.0,4485.0,0.0695
4486.0,0.521,4486.0,0.0579
4487.0,0.0,4487.0,0.0695
4488.0,0.0,4488.0,0.0695
4489.0,0.0,4489.0,0.0463
4490.0,0.0,4490.0,0.0695
4491.0,0.0,4491.0,0.0463
4492.0,0.0,4492.0,0.0348
4493.0,0.0,4493.0,0.0116
4494.0,0.521,4494.0,0.0463
4495.0,0.0,4495.0,0.0811
4496.0,0.0,4496.0,0.0579
4497.0,0.0,4497.0,0.0811
4498.0,0.0,4498.0,0.0811
4499.0,0.0,4499.0,0.0579
4500.0,0.0,4500.0,0.0695
4501.0,0.0,4501.0,0.0811
4502.0,0.0,4502.0,0.0579
4503.0,0.0,4503.0,0.0927
4504.0,0.521,4504.0,0.0463
4505.0,0.0,4505.0,0.0811
4506.0,0.0,4506.0,0.0116
4507.0,0.0,4507.0,0.0579
4508.0,0.0,4508.0,0.0811
4509.0,0.0,4509.0,0.0695
4510.0,0.0,4510.0,0.0811
4511.0,0.521,4511.0,0.0695
4512.0,0.0,4512.0,0.0579
4513.0,0.0,4513.0,0.0579
4514.0,0.0,4514.0,0.0579
4515.0,0.0,4515.0,0.0463
4516.0,0.0,4516.0,0.0579
4517.0,0.0,4517.0,0.0348
4518.0,0.0,4518.0,0.0348
4519.0,0.0,4519.0,0.0348
4520.0,0.0,4520.0,0.0463
4521.0,0.521,4521.0,0.0579
4522.0,0.0,4522.0,0.0811
4523.0,0.0,4523.0,0.0695
4524.0,0.0,4524.0,0.0695
4525.0,0.0,4525.0,0.0579
4526.0,0.0,4526.0,0.0695
4527.0,0.0,4527.0,0.0579
4528.0,0.0,4528.0,0.0695
4529.0,0.0,4529.0,0.0579
4530.0,0.521,4530.0,0.0463
4531.0,0.0,4531.0,0.0579
4532.0,0.0,4532.0,0.0348
4533.0,0.0,4533.0,0.0463
4534.0,0.0,4534.0,0.0579
4535.0,0.0,4535.0,0.0695
4536.0,0.0,4536.0,0.0811
4537.0,0.0,4537.0,0.0579
4538.0,0.0,4538.0,0.0579
4539.0,0.521,4539.0,0.0579
4540.0,0.0,4540.0,0.0579
4541.0,0.0,4541.0,0.0579
4542.0,0.0,4542.0,0.0579
4543.0,0.0,4543.0,0.0579
4544.0,0.0,4544.0,0.0463
4545.0,0.0,4545.0,0.0348
4546.0,0.0,4546.0,0.0348
4547.0,0.521,4547.0,0.0579
4548.0,0.0,4548.0,0.0811
4549.0,0.0,4549.0,0.0695
4550.0,0.0,4550.0,0.0695
4551.0,0.0,4551.0,0.0811
4552.0,0.0,4552.0,0.0695
4553.0,0.0,4553.0,0.0579
4554.0,0.0,4554.0,0.0579
4555.0,0.0,4555.0,0.0695
4556.0,0.521,4556.0,0.0579
4557.0,0.0,4557.0,0.0463
4558.0,0.0,4558.0,0.0348
4559.0,0.0,4559.0,0.0232
4560.0,0.0,4560.0,0.0811
4561.0,0.0,4561.0,0.0695
4562.0,0.0,4562.0,0.0695
4563.0,0.0,4563.0,0.0695
4564.0,0.0,4564.0,0.0579
4565.0,0.521,4565.0,0.0579
4566.0,0.0,4566.0,0.0579
4567.0,0.0,4567.0,0.0695
4568.0,0.0,4568.0,0.0463
4569.0,0.0,4569.0,0.0927
4570.0,0.0,4570.0,0.0116
4571.0,0.0,4571.0,0.0232
4572.0,0.0,4572.0,0.0232
4573.0,0.0,4573.0,0.0695
4574.0,0.521,4574.0,0.0695
4575.0,0.0,4575.0,0.0579
4576.0,0.0,4576.0,0.0811
4577.0,0.0,4577.0,0.0695
4578.0,0.0,4578.0,0.0463
4579.0,0.0,4579.0,0.0579
4580.0,0.0,4580.0,0.0579
4581.0,0.0,4581.0,0.0579
4582.0,0.0,4582.0,0.0695
4583.0,0.0,4583.0,0.0463
4584.0,0.0,4584.0,0.0116
4585.0,0.521,4585.0,0.0348
4586.0,0.0,4586.0,0.0348
4587.0,0.0,4587.0,0.0695
4588.0,0.0,4588.0,0.0579
4589.0,0.0,4589.0,0.0579
4590.0,0.0,4590.0,0.0579
4591.0,0.0,4591.0,0.0811
4592.0,0.0,4592.0,0.0348
4593.0,0.0,4593.0,0.0579
4594.0,0.0,4594.0,0.0348
4595.0,0.521,4595.0,0.0463
4596.0,0.0,4596.0,0.0695
4597.0,0.0,4597.0,0.0348
4598.0,0.0,4598.0,0.0
4599.0,0.0,4599.0,0.0232
4600.0,0.0,4600.0,0.0579
4601.0,0.0,4601.0,0.0579
4602.0,0.0,4602.0,0.0463
4603.0,0.0,4603.0,0.0579
4604.0,0.0,4604.0,0.0463
4605.0,0.0,4605.0,0.0579
4606.0,0.0,4606.0,0.0348
4607.0,0.521,4607.0,0.0579
4608.0,0.0,4608.0,0.0348
4609.0,0.0,4609.0,0.0463
4610.0,0.0,4610.0,0.0463
4611.0,0.0,4611.0,0.0348
4612.0,0.0,4612.0,0.0116
4613.0,0.0,4613.0,0.0463
4614.0,0.0,4614.0,0.0463
4615.0,0.0,4615.0,0.0463
4616.0,0.0,4616.0,0.0579
4617.0,0.0,4617.0,0.0463
4618.0,0.521,4618.0,0.0579
4619.0,0.0,4619.0,0.0579
4620.0,0.0,4620.0,0.0463
4621.0,0.0,4621.0,0.0463
4622.0,0.0,4622.0,0.0579
4623.0,0.0,4623.0,0.0579
4624.0,0.0,4624.0,0.0463
4625.0,0.0,4625.0,0.0
4626.0,0.0,4626.0,0.0579
4627.0,0.0,4627.0,0.0579
4628.0,0.521,4628.0,0.0463
4629.0,0.0,4629.0,0.0579
4630.0,0.0,4630.0,0.0579
4631.0,0.0,4631.0,0.0695
4632.0,0.0,4632.0,0.0463
4633.0,0.0,4633.0,0.0463
4634.0,0.0,4634.0,0.0579
4635.0,0.0,4635.0,0.0463
4636.0,0.0,4636.0,0.0463
4637.0,0.0,4637.0,0.0579
4638.0,0.0,4638.0,0.0
4639.0,0.521,4639.0,0.0579
4640.0,0.0,4640.0,0.0579
4641.0,0.0,4641.0,0.0695
4642.0,0.0,4642.0,0.0695
4643.0,0.0,4643.0,0.0579
4644.0,0.0,4644.0,0.0463
4645.0,0.0,4645.0,0.0463
4646.0,0.0,4646.0,0.0579
4647.0,0.0,4647.0,0.0463
4648.0,0.0,4648.0,0.0348
4649.0,0.0,4649.0,0.0579
4650.0,0.521,4650.0,0.0
4651.0,0.0,4651.0,0.0
4652.0,0.0,4652.0,0.0579
4653.0,0.0,4653.0,0.0579
4654.0,0.0,4654.0,0.0579
4655.0,0.0,4655.0,0.0463
4656.0,0.0,4656.0,0.0579
4657.0,0.0,4657.0,0.0463
4658.0,0.0,4658.0,0.0695
4659.0,0.0,4659.0,0.0463
4660.0,0.0,4660.0,0.0463
4661.0,0.521,4661.0,0.0232
4662.0,0.0,4662.0,0.0579
4663.0,0.0,4663.0,0.0348
4664.0,0.0,4664.0,0.0
4665.0,0.0,4665.0,0.0463
4666.0,0.0,4666.0,0.0463
4667.0,0.0,4667.0,0.0463
4668.0,0.0,4668.0,0.0579
4669.0,0.0,4669.0,0.0463
4670.0,0.0,4670.0,0.0579
4671.0,0.0,4671.0,0.0463
4672.0,0.0,4672.0,0.0463
4673.0,0.521,4673.0,0.0463
4674.0,0.0,4674.0,0.0579
4675.0,0.0,4675.0,0.0579
4676.0,0.0,4676.0,0.0463
4677.0,0.0,4677.0,0.0116
4678.0,0.0,4678.0,0.0463
4679.0,0.0,4679.0,0.0579
4680.0,0.0,4680.0,0.0579
4681.0,0.0,4681.0,0.0579
4682.0,0.0,4682.0,0.0579
4683.0,0.0,4683.0,0.0463
4684.0,0.521,4684.0,0.0579
4685.0,0.0,4685.0,0.0463
4686.0,0.0,4686.0,0.0579
4687.0,0.0,4687.0,0.0348
4688.0,0.0,4688.0,0.0811
4689.0,0.0,4689.0,0.0116
4690.0,0.0,4690.0,0.0232
4691.0,0.0,4691.0,0.0232
4692.0,0.0,4692.0,0.0695
4693.0,0.521,4693.0,0.0695
4694.0,0.0,4694.0,0.0463
4695.0,0.0,4695.0,0.0579
4696.0,0.0,4696.0,0.0579
4697.0,0.0,4697.0,0.0463
4698.0,0.0,4698.0,0.0463
4699.0,0.0,4699.0,0.0463
4700.0,0.0,4700.0,0.0579
4701.0,0.0,4701.0,0.0463
4702.0,0.0,4702.0,0.0232
4703.0,0.0,4703.0,0.0
4704.0,0.0,4704.0,0.0579
4705.0,0.521,4705.0,0.0463
4706.0,0.0,4706.0,0.0579
4707.0,0.0,4707.0,0.0579
4708.0,0.0,4708.0,0.0579
4709.0,0.0,4709.0,0.0579
4710.0,0.0,4710.0,0.0463
4711.0,0.0,4711.0,0.0463
4712.0,0.0,4712.0,0.0463
4713.0,0.0,4713.0,0.0463
4714.0,0.0,4714.0,0.0348
4715.0,0.0,4715.0,0.0463
4716.0,0.0,4716.0,0.0
4717.0,0.521,4717.0,0.0348
4718.0,0.0,4718.0,0.0463
4719.0,0.0,4719.0,0.0579
4720.0,0.0,4720.0,0.0811
4721.0,0.0,4721.0,0.0579
4722.0,0.0,4722.0,0.0463
4723.0,0.0,4723.0,0.0463
4724.0,0.0,4724.0,0.0463
4725.0,0.0,4725.0,0.0348
4726.0,0.0,4726.0,0.0348
4727.0,0.0,4727.0,0.0348
4728.0,0.0,4728.0,0.0463
4729.0,0.521,4729.0,0.0
4730.0,0.0,4730.0,0.0348
4731.0,0.0,4731.0,0.0463
4732.0,0.0,4732.0,0.0579
4733.0,0.0,4733.0,0.0579
4734.0,0.0,4734.0,0.0695
4735.0,0.0,4735.0,0.0463
4736.0,0.0,4736.0,0.0463
4737.0,0.0,4737.0,0.0463
4738.0,0.0,4738.0,0.0579
4739.0,0.0,4739.0,0.0348
4740.0,0.0,4740.0,0.0463
4741.0,0.521,4741.0,0.0348
4742.0,0.0,4742.0,0.0232
4743.0,0.0,4743.0,0.0232
4744.0,0.0,4744.0,0.0232
4745.0,0.0,4745.0,0.0579
4746.0,0.0,4746.0,0.0463
4747.0,0.0,4747.0,0.0463
4748.0,0.0,4748.0,0.0695
4749.0,0.0,4749.0,0.0348
4750.0,0.0,4750.0,0.0463
4751.0,0.0,4751.0,0.0463
4752.0,0.0,4752.0,0.0463
4753.0,0.521,4753.0,0.0463
4754.0,0.0,4754.0,0.0463
4755.0,0.0,4755.0,0.0232
4756.0,0.0,4756.0,0.0232
4757.0,0.0,4757.0,0.0232
4758.0,0.0,4758.0,0.0232
4759.0,0.0,4759.0,0.0463
4760.0,0.0,4760.0,0.0463
4761.0,0.0,4761.0,0.0579
4762.0,0.0,4762.0,0.0579
4763.0,0.0,4763.0,0.0579
4764.0,0.0,4764.0,0.0463
4765.0,0.521,4765.0,0.0463
4766.0,0.0,4766.0,0.0463
4767.0,0.0,4767.0,0.0463
4768.0,0.0,4768.0,0.0463
4769.0,0.0,4769.0,0.0463
4770.0,0.0,4770.0,0.0348
4771.0,0.0,4771.0,0.0
4772.0,0.0,4772.0,0.0463
4773.0,0.0,4773.0,0.0116
4774.0,0.0,4774.0,0.0695
4775.0,0.0,4775.0,0.0695
4776.0,0.0,4776.0,0.0579
4777.0,0.0,4777.0,0.0579
4778.0,0.521,4778.0,0.0348
4779.0,0.0,4779.0,0.0579
4780.0,0.0,4780.0,0.0463
4781.0,0.0,4781.0,0.0463
4782.0,0.0,4782.0,0.0348
4783.0,0.0,4783.0,0.0348
4784.0,0.0,4784.0,0.0348
4785.0,0.0,4785.0,0.0
4786.0,0.0,4786.0,0.0463
4787.0,0.0,4787.0,0.0232
4788.0,0.0,4788.0,0.0463
4789.0,0.0,4789.0,0.0463
4790.0,0.521,4790.0,0.0579
4791.0,0.0,4791.0,0.0463
4792.0,0.0,4792.0,0.0463
4793.0,0.0,4793.0,0.0463
4794.0,0.0,4794.0,0.0463
4795.0,0.0,4795.0,0.0579
4796.0,0.0,4796.0,0.0
4797.0,0.0,4797.0,0.0579
4798.0,0.0,4798.0,0.0348
4799.0,0.0,4799.0,0.0
4800.0,0.0,4800.0,0.0116
4801.0,0.0,4801.0,0.0348
4802.0,0.0,4802.0,0.0116
4803.0,0.0,4803.0,0.0463
4804.0,0.521,4804.0,0.0579
4805.0,0.0,4805.0,0.0463
4806.0,0.0,4806.0,0.0348
4807.0,0.0,4807.0,0.0579
4808.0,0.0,4808.0,0.0348
4809.0,0.0,4809.0,0.0463
4810.0,0.0,4810.0,0.0348
4811.0,0.0,4811.0,0.0463
4812.0,0.0,4812.0,0.0348
4813.0,0.0,4813.0,0.0348
4814.0,0.0,4814.0,0.0
4815.0,0.0,4815.0,0.0116
4816.0,0.0,4816.0,0.0348
4817.0,0.0,4817.0,0.0
4818.0,0.0,4818.0,0.0579
4819.0,0.521,4819.0,0.0348
4820.0,0.0,4820.0,0.0463
4821.0,0.0,4821.0,0.0463
4822.0,0.0,4822.0,0.0463
4823.0,0.0,4823.0,0.0463
4824.0,0.0,4824.0,0.0463
4825.0,0.0,4825.0,0.0463
4826.0,0.0,4826.0,0.0348
4827.0,0.0,4827.0,0.0463
4828.0,0.0,4828.0,0.0348
4829.0,0.0,4829.0,0.0232
4830.0,0.0,4830.0,0.0
4831.0,0.0,4831.0,0.0
4832.0,0.0,4832.0,0.0463
4833.0,0.521,4833.0,0.0116
4834.0,0.0,4834.0,0.0463
4835.0,0.0,4835.0,0.0579
4836.0,0.0,4836.0,0.0463
4837.0,0.0,4837.0,0.0579
4838.0,0.0,4838.0,0.0463
4839.0,0.0,4839.0,0.0695
4840.0,0.0,4840.0,0.0695
4841.0,0.0,4841.0,0.0811
4842.0,0.0,4842.0,0.0579
4843.0,0.0,4843.0,0.0463
4844.0,0.0,4844.0,0.0579
4845.0,0.0,4845.0,0.0579
4846.0,0.0,4846.0,0.0232
4847.0,0.0,4847.0,0.0348
4848.0,0.521,4848.0,0.0579
4849.0,0.0,4849.0,0.0579
4850.0,0.0,4850.0,0.0232
4851.0,0.0,4851.0,0.0
4852.0,0.0,4852.0,0.0463
4853.0,0.0,4853.0,0.0116
4854.0,0.0,4854.0,0.0579
4855.0,0.0,4855.0,0.0579
4856.0,0.521,4856.0,0.0695
4857.0,0.0,4857.0,0.0811
4858.0,0.0,4858.0,0.0463
4859.0,0.0,4859.0,0.0463
4860.0,0.0,4860.0,0.0348
4861.0,0.0,4861.0,0.0348
4862.0,0.0,4862.0,0.0232
4863.0,0.0,4863.0,0.0463
4864.0,0.0,4864.0,0.0232
4865.0,0.0,4865.0,0.0232
4866.0,0.0,4866.0,0.0
4867.0,0.0,4867.0,0.0
4868.0,0.0,4868.0,0.0463
4869.0,0.521,4869.0,0.0348
4870.0,0.0,4870.0,0.0579
4871.0,0.0,4871.0,0.0463
4872.0,0.0,4872.0,0.0579
4873.0,0.0,4873.0,0.0579
4874.0,0.0,4874.0,0.0463
4875.0,0.0,4875.0,0.0348
4876.0,0.0,4876.0,0.0463
4877.0,0.0,4877.0,0.0348
4878.0,0.0,4878.0,0.0
4879.0,0.0,4879.0,0.0348
4880.0,0.0,4880.0,0.0116
4881.0,0.0,4881.0,0.0
4882.0,0.0,4882.0,0.0
4883.0,0.0,4883.0,0.0116
4884.0,0.0,4884.0,0.0348
4885.0,0.0,4885.0,0.0
4886.0,0.0,4886.0,0.0116
4887.0,0.521,4887.0,0.0579
4888.0,0.0,4888.0,0.0579
4889.0,0.0,4889.0,0.0463
4890.0,0.0,4890.0,0.0579
4891.0,0.0,4891.0,0.0579
4892.0,0.0,4892.0,0.0348
4893.0,0.0,4893.0,0.0463
4894.0,0.0,4894.0,0.0463
4895.0,0.0,4895.0,0.0232
4896.0,0.0,4896.0,0.0348
4897.0,0.0,4897.0,0.0348
4898.0,0.0,4898.0,0.0232
4899.0,0.0,4899.0,0.0
4900.0,0.0,4900.0,0.0
4901.0,0.0,4901.0,0.0
4902.0,0.0,4902.0,0.0
4903.0,0.0,4903.0,0.0
4904.0,0.521,4904.0,0.0463
4905.0,0.0,4905.0,0.0116
4906.0,0.0,4906.0,0.0463
4907.0,0.0,4907.0,0.0463
4908.0,0.0,4908.0,0.0348
4909.0,0.0,4909.0,0.0463
4910.0,0.0,4910.0,0.0463
4911.0,0.0,4911.0,0.0348
4912.0,0.0,4912.0,0.0579
4913.0,0.0,4913.0,0.0463
4914.0,0.0,4914.0,0.0232
4915.0,0.0,4915.0,0.0232
4916.0,0.0,4916.0,0.0232
4917.0,0.0,4917.0,0.0
4918.0,0.0,4918.0,0.0
4919.0,0.0,4919.0,0.0116
4920.0,0.521,4920.0,0.0348
4921.0,0.0,4921.0,0.0348
4922.0,0.0,4922.0,0.0463
4923.0,0.0,4923.0,0.0463
4924.0,0.0,4924.0,0.0463
4925.0,0.0,4925.0,0.0463
4926.0,0.0,4926.0,0.0348
4927.0,0.0,4927.0,0.0463
4928.0,0.0,4928.0,0.0463
4929.0,0.0,4929.0,0.0463
4930.0,0.0,4930.0,0.0579
4931.0,0.0,4931.0,0.0232
4932.0,0.0,4932.0,0.0
4933.0,0.0,4933.0,0.0
4934.0,0.0,4934.0,0.0116
4935.0,0.0,4935.0,0.0348
4936.0,0.521,4936.0,0.0463
4937.0,0.0,4937.0,0.0348
4938.0,0.0,4938.0,0.0463
4939.0,0.0,4939.0,0.0463
4940.0,0.0,4940.0,0.0463
4941.0,0.0,4941.0,0.0348
4942.0,0.0,4942.0,0.0463
4943.0,0.0,4943.0,0.0348
4944.0,0.0,4944.0,0.0579
4945.0,0.0,4945.0,0.0348
4946.0,0.0,4946.0,0.0116
4947.0,0.0,4947.0,0.0
4948.0,0.0,4948.0,0.0
4949.0,0.0,4949.0,0.0463
4950.0,0.0,4950.0,0.0
4951.0,0.0,4951.0,0.0348
4952.0,0.521,4952.0,0.0463
4953.0,0.0,4953.0,0.0463
4954.0,0.0,4954.0,0.0463
4955.0,0.0,4955.0,0.0463
4956.0,0.0,4956.0,0.0579
4957.0,0.0,4957.0,0.0463
4958.0,0.0,4958.0,0.0348
4959.0,0.0,4959.0,0.0348
4960.0,0.0,4960.0,0.0232
4961.0,0.0,4961.0,0.0463
4962.0,0.0,4962.0,0.0348
4963.0,0.0,4963.0,0.0348
4964.0,0.0,4964.0,0.0
4965.0,0.0,4965.0,0.0
4966.0,0.0,4966.0,0.0116
4967.0,0.521,4967.0,0.0348
4968.0,0.0,4968.0,0.0232
4969.0,0.0,4969.0,0.0463
4970.0,0.0,4970.0,0.0463
4971.0,0.0,4971.0,0.0463
4972.0,0.0,4972.0,0.0579
4973.0,0.0,4973.0,0.0116
4974.0,0.0,4974.0,0.0579
4975.0,0.0,4975.0,0.0348
4976.0,0.0,4976.0,0.0232
4977.0,0.0,4977.0,0.0232
4978.0,0.0,4978.0,0.0232
4979.0,0.0,4979.0,0.0232
4980.0,0.0,4980.0,0.0
4981.0,0.0,4981.0,0.0
4982.0,0.0,4982.0,0.0348
4983.0,0.0,4983.0,0.0116
4984.0,0.0,4984.0,0.0348
4985.0,0.521,4985.0,0.0463
4986.0,0.0,4986.0,0.0463
4987.0,0.0,4987.0,0.0463
4988.0,0.0,4988.0,0.0463
4989.0,0.0,4989.0,0.0232
4990.0,0.0,4990.0,0.0232
4991.0,0.0,4991.0,0.0348
4992.0,0.0,4992.0,0.0463
4993.0,0.0,4993.0,0.0232
4994.0,0.0,4994.0,0.0348
4995.0,0.0,4995.0,0.0232
4996.0,0.0,4996.0,0.0
4997.0,0.0,4997.0,0.0116
4998.0,0.0,4998.0,0.0348
4999.0,0.0,4999.0,0.0463
5000.0,0.0,5000.0,0.0348
5001.0,0.521,5001.0,0.0348
5002.0,0.0,5002.0,0.0579
5003.0,0.0,5003.0,0.0348
5004.0,0.0,5004.0,0.0463
5005.0,0.0,5005.0,0.0348
5006.0,0.0,5006.0,0.0348
5007.0,0.0,5007.0,0.0348
5008.0,0.0,5008.0,0.0348
5009.0,0.0,5009.0,0.0232
5010.0,0.0,5010.0,0.0232
5011.0,0.0,5011.0,0.0232
5012.0,0.0,5012.0,0.0348
5013.0,0.0,5013.0,0.0348
5014.0,0.0,5014.0,0.0463
5015.0,0.0,5015.0,0.0463
5016.0,0.0,5016.0,0.0463
5017.0,0.521,5017.0,0.0463
5018.0,0.0,5018.0,0.0348
5019.0,0.0,5019.0,0.0348
5020.0,0.0,5020.0,0.0348
5021.0,0.0,5021.0,0.0463
5022.0,0.0,5022.0,0.0348
5023.0,0.0,5023.0,0.0
5024.0,0.0,5024.0,0.0348
5025.0,0.0,5025.0,0.0116
5026.0,0.0,5026.0,0.0348
5027.0,0.0,5027.0,0.0463
5028.0,0.0,5028.0,0.0463
5029.0,0.0,5029.0,0.0463
5030.0,0.0,5030.0,0.0463
5031.0,0.0,5031.0,0.0463
5032.0,0.521,5032.0,0.0348
5033.0,0.0,5033.0,0.0348
5034.0,0.0,5034.0,0.0463
5035.0,0.0,5035.0,0.0348
5036.0,0.0,5036.0,0.0348
5037.0,0.0,5037.0,0.0116
5038.0,0.0,5038.0,0.0116
5039.0,0.0,5039.0,0.0463
5040.0,0.0,5040.0,0.0348
5041.0,0.0,5041.0,0.0463
5042.0,0.0,5042.0,0.0463
5043.0,0.0,5043.0,0.0348
5044.0,0.0,5044.0,0.0463
5045.0,0.521,5045.0,0.0579
5046.0,0.0,5046.0,0.0463
5047.0,0.0,5047.0,0.0348
5048.0,0.0,5048.0,0.0463
5049.0,0.0,5049.0,0.0463
5050.0,0.0,5050.0,0.0116
5051.0,0.0,5051.0,0.0
5052.0,0.0,5052.0,0.0463
5053.0,0.0,5053.0,0.0463
5054.0,0.0,5054.0,0.0463
5055.0,0.0,5055.0,0.0463
5056.0,0.0,5056.0,0.0348
5057.0,0.0,5057.0,0.0463
5058.0,0.521,5058.0,0.0463
5059.0,0.0,5059.0,0.0579
5060.0,0.0,5060.0,0.0579
5061.0,0.0,5061.0,0.0232
5062.0,0.0,5062.0,0.0348
5063.0,0.0,5063.0,0.0463
5064.0,0.0,5064.0,0.0232
5065.0,0.0,5065.0,0.0
5066.0,0.0,5066.0,0.0348
5067.0,0.0,5067.0,0.0463
5068.0,0.0,5068.0,0.0463
5069.0,0.0,5069.0,0.0579
5070.0,0.0,5070.0,0.0463
5071.0,0.0,5071.0,0.0463
5072.0,0.521,5072.0,0.0463
5073.0,0.0,5073.0,0.0579
5074.0,0.0,5074.0,0.0232
5075.0,0.0,5075.0,0.0348
5076.0,0.0,5076.0,0.0463
5077.0,0.0,5077.0,0.0232
5078.0,0.0,5078.0,0.0
5079.0,0.0,5079.0,0.0579
5080.0,0.0,5080.0,0.0463
5081.0,0.0,5081.0,0.0463
5082.0,0.0,5082.0,0.0579
5083.0,0.0,5083.0,0.0463
5084.0,0.521,5084.0,0.0463
5085.0,0.0,5085.0,0.0463
5086.0,0.0,5086.0,0.0463
5087.0,0.0,5087.0,0.0348
5088.0,0.0,5088.0,0.0463
5089.0,0.0,5089.0,0.0348
5090.0,0.0,5090.0,0.0232
5091.0,0.0,5091.0,0.0
5092.0,0.0,5092.0,0.0463
5093.0,0.0,5093.0,0.0463
5094.0,0.0,5094.0,0.0579
5095.0,0.0,5095.0,0.0695
5096.0,0.521,5096.0,0.0463
5097.0,0.0,5097.0,0.0463
5098.0,0.0,5098.0,0.0463
5099.0,0.0,5099.0,0.0463
5100.0,0.0,5100.0,0.0463
5101.0,0.0,5101.0,0.0463
5102.0,0.0,5102.0,0.0348
5103.0,0.0,5103.0,0.0463
5104.0,0.0,5104.0,0.0
5105.0,0.0,5105.0,0.0348
5106.0,0.0,5106.0,0.0463
5107.0,0.0,5107.0,0.0579
5108.0,0.521,5108.0,0.0579
5109.0,0.0,5109.0,0.0579
5110.0,0.0,5110.0,0.0463
5111.0,0.0,5111.0,0.0463
5112.0,0.0,5112.0,0.0463
5113.0,0.0,5113.0,0.0463
5114.0,0.0,5114.0,0.0463
5115.0,0.0,5115.0,0.0579
5116.0,0.0,5116.0,0.0463
5117.0,0.0,5117.0,0.0116
5118.0,0.0,5118.0,0.0579
5119.0,0.521,5119.0,0.0579
5120.0,0.0,5120.0,0.0811
5121.0,0.0,5121.0,0.0811
5122.0,0.0,5122.0,0.0695
5123.0,0.0,5123.0,0.0579
5124.0,0.0,5124.0,0.0463
5125.0,0.0,5125.0,0.0695
5126.0,0.0,5126.0,0.0463
5127.0,0.0,5127.0,0.0579
5128.0,0.0,5128.0,0.0463
5129.0,0.521,5129.0,0.0232
5130.0,0.0,5130.0,0.0463
5131.0,0.0,5131.0,0.0348
5132.0,0.0,5132.0,0.0579
5133.0,0.0,5133.0,0.0811
5134.0,0.0,5134.0,0.0579
5135.0,0.0,5135.0,0.0695
5136.0,0.0,5136.0,0.0695
5137.0,0.0,5137.0,0.0579
5138.0,0.0,5138.0,0.0579
5139.0,0.0,5139.0,0.0695
5140.0,0.521,5140.0,0.0579
5141.0,0.0,5141.0,0.0348
5142.0,0.0,5142.0,0.0579
5143.0,0.0,5143.0,0.0116
5144.0,0.0,5144.0,0.0348
5145.0,0.0,5145.0,0.0463
5146.0,0.0,5146.0,0.0579
5147.0,0.0,5147.0,0.0695
5148.0,0.521,5148.0,0.0695
5149.0,0.0,5149.0,0.0695
5150.0,0.0,5150.0,0.0463
5151.0,0.0,5151.0,0.0579
5152.0,0.0,5152.0,0.0579
5153.0,0.0,5153.0,0.0695
5154.0,0.0,5154.0,0.0579
5155.0,0.0,5155.0,0.0579
5156.0,0.0,5156.0,0.0579
5157.0,0.0,5157.0,0.0
5158.0,0.521,5158.0,0.0348
5159.0,0.0,5159.0,0.0232
5160.0,0.0,5160.0,0.0695
5161.0,0.0,5161.0,0.0695
5162.0,0.0,5162.0,0.0695
5163.0,0.0,5163.0,0.0695
5164.0,0.0,5164.0,0.0579
5165.0,0.0,5165.0,0.0927
5166.0,0.0,5166.0,0.0579
5167.0,0.0,5167.0,0.0695
5168.0,0.521,5168.0,0.0811
5169.0,0.0,5169.0,0.0579
5170.0,0.0,5170.0,0.0348
5171.0,0.0,5171.0,0.0
5172.0,0.0,5172.0,0.0463
5173.0,0.0,5173.0,0.0463
5174.0,0.0,5174.0,0.0695
5175.0,0.0,5175.0,0.0811
5176.0,0.0,5176.0,0.0579
5177.0,0.0,5177.0,0.0695
5178.0,0.521,5178.0,0.0811
5179.0,0.0,5179.0,0.0579
5180.0,0.0,5180.0,0.0579
5181.0,0.0,5181.0,0.0695
5182.0,0.0,5182.0,0.0695
5183.0,0.0,5183.0,0.0579
5184.0,0.0,5184.0,0.0
5185.0,0.521,5185.0,0.0463
5186.0,0.0,5186.0,0.0579
5187.0,0.0,5187.0,0.0579
5188.0,0.0,5188.0,0.0695
5189.0,0.0,5189.0,0.0811
5190.0,0.0,5190.0,0.0579
5191.0,0.0,5191.0,0.0811
5192.0,0.0,5192.0,0.0463
5193.0,0.0,5193.0,0.0348
5194.0,0.0,5194.0,0.0579
5195.0,0.521,5195.0,0.0579
5196.0,0.0,5196.0,0.0232
5197.0,0.0,5197.0,0.0
5198.0,0.0,5198.0,0.0463
5199.0,0.0,5199.0,0.0232
5200.0,0.0,5200.0,0.0579
5201.0,0.0,5201.0,0.0927
5202.0,0.0,5202.0,0.0927
5203.0,0.0,5203.0,0.0695
5204.0,0.521,5204.0,0.0579
5205.0,0.0,5205.0,0.0695
5206.0,0.0,5206.0,0.0695
5207.0,0.0,5207.0,0.0579
5208.0,0.0,5208.0,0.0695
5209.0,0.0,5209.0,0.0463
5210.0,0.0,5210.0,0.0348
5211.0,0.0,5211.0,0.0
5212.0,0.0,5212.0,0.0463
5213.0,0.521,5213.0,0.0463
5214.0,0.0,5214.0,0.0579
5215.0,0.0,5215.0,0.0579
5216.0,0.0,5216.0,0.0811
5217.0,0.0,5217.0,0.0811
5218.0,0.0,5218.0,0.0811
5219.0,0.0,5219.0,0.0695
5220.0,0.0,5220.0,0.0579
5221.0,0.0,5221.0,0.0579
5222.0,0.0,5222.0,0.0463
5223.0,0.0,5223.0,0.0695
5224.0,0.521,5224.0,0.0116
5225.0,0.0,5225.0,0.0116
5226.0,0.0,5226.0,0.0348
5227.0,0.0,5227.0,0.0695
5228.0,0.0,5228.0,0.0579
5229.0,0.0,5229.0,0.0579
5230.0,0.0,5230.0,0.0463
5231.0,0.0,5231.0,0.0579
5232.0,0.0,5232.0,0.0695
5233.0,0.0,5233.0,0.0695
5234.0,0.521,5234.0,0.0695
5235.0,0.0,5235.0,0.0695
5236.0,0.0,5236.0,0.0579
5237.0,0.0,5237.0,0.0
5238.0,0.0,5238.0,0.0
5239.0,0.0,5239.0,0.0463
5240.0,0.0,5240.0,0.0463
5241.0,0.0,5241.0,0.0579
5242.0,0.0,5242.0,0.0695
5243.0,0.0,5243.0,0.0463
5244.0,0.521,5244.0,0.0463
5245.0,0.0,5245.0,0.0348
5246.0,0.0,5246.0,0.0348
5247.0,0.0,5247.0,0.0695
5248.0,0.0,5248.0,0.0463
5249.0,0.0,5249.0,0.0579
5250.0,0.0,5250.0,0.0232
5251.0,0.0,5251.0,0.0
5252.0,0.0,5252.0,0.0348
5253.0,0.0,5253.0,0.0232
5254.0,0.0,5254.0,0.0463
5255.0,0.0,5255.0,0.0579
5256.0,0.521,5256.0,0.0463
5257.0,0.0,5257.0,0.0579
5258.0,0.0,5258.0,0.0463
5259.0,0.0,5259.0,0.0348
5260.0,0.0,5260.0,0.0348
5261.0,0.0,5261.0,0.0579
5262.0,0.0,5262.0,0.0348
5263.0,0.0,5263.0,0.0463
5264.0,0.0,5264.0,0.0463
5265.0,0.0,5265.0,0.0
5266.0,0.0,5266.0,0.0
5267.0,0.0,5267.0,0.0463
5268.0,0.0,5268.0,0.0463
5269.0,0.521,5269.0,0.0463
5270.0,0.0,5270.0,0.0579
5271.0,0.0,5271.0,0.0463
5272.0,0.0,5272.0,0.0348
5273.0,0.0,5273.0,0.0463
5274.0,0.0,5274.0,0.0232
5275.0,0.0,5275.0,0.0232
5276.0,0.0,5276.0,0.0579
5277.0,0.0,5277.0,0.0348
5278.0,0.0,5278.0,0.0348
5279.0,0.0,5279.0,0.0232
5280.0,0.0,5280.0,0.0
5281.0,0.0,5281.0,0.0348
5282.0,0.0,5282.0,0.0348
5283.0,0.521,5283.0,0.0463
5284.0,0.0,5284.0,0.0463
5285.0,0.0,5285.0,0.0463
5286.0,0.0,5286.0,0.0579
5287.0,0.0,5287.0,0.0463
5288.0,0.0,5288.0,0.0463
5289.0,0.0,5289.0,0.0348
5290.0,0.0,5290.0,0.0463
5291.0,0.0,5291.0,0.0348
5292.0,0.0,5292.0,0.0232
5293.0,0.0,5293.0,0.0348
5294.0,0.0,5294.0,0.0
5295.0,0.0,5295.0,0.0348
5296.0,0.521,5296.0,0.0116
5297.0,0.0,5297.0,0.0463
5298.0,0.0,5298.0,0.0579
5299.0,0.0,5299.0,0.0463
5300.0,0.0,5300.0,0.0463
5301.0,0.0,5301.0,0.0463
5302.0,0.0,5302.0,0.0348
5303.0,0.0,5303.0,0.0579
5304.0,0.0,5304.0,0.0695
5305.0,0.0,5305.0,0.0579
5306.0,0.0,5306.0,0.0579
5307.0,0.0,5307.0,0.0579
5308.0,0.0,5308.0,0.0
5309.0,0.0,5309.0,0.0
5310.0,0.521,5310.0,0.0348
5311.0,0.0,5311.0,0.0116
5312.0,0.0,5312.0,0.0579
5313.0,0.0,5313.0,0.0579
5314.0,0.0,5314.0,0.0463
5315.0,0.0,5315.0,0.0579
5316.0,0.0,5316.0,0.0463
5317.0,0.0,5317.0,0.0579
5318.0,0.0,5318.0,0.0463
5319.0,0.0,5319.0,0.0579
5320.0,0.0,5320.0,0.0579
5321.0,0.0,5321.0,0.0232
5322.0,0.0,5322.0,0.0463
5323.0,0.0,5323.0,0.0579
5324.0,0.0,5324.0,0.0348
5325.0,0.521,5325.0,0.0
5326.0,0.0,5326.0,0.0116
5327.0,0.0,5327.0,0.0348
5328.0,0.0,5328.0,0.0463
5329.0,0.0,5329.0,0.0579
5330.0,0.0,5330.0,0.0463
5331.0,0.0,5331.0,0.0579
5332.0,0.0,5332.0,0.0579
5333.0,0.0,5333.0,0.0463
5334.0,0.0,5334.0,0.0579
5335.0,0.0,5335.0,0.0695
5336.0,0.0,5336.0,0.0348
5337.0,0.0,5337.0,0.0348
5338.0,0.521,5338.0,0.0463
5339.0,0.0,5339.0,0.0
5340.0,0.0,5340.0,0.0
5341.0,0.0,5341.0,0.0
5342.0,0.0,5342.0,0.0463
5343.0,0.0,5343.0,0.0348
5344.0,0.0,5344.0,0.0463
5345.0,0.0,5345.0,0.0579
5346.0,0.0,5346.0,0.0579
5347.0,0.0,5347.0,0.0695
5348.0,0.0,5348.0,0.0348
5349.0,0.521,5349.0,0.0348
5350.0,0.0,5350.0,0.0579
5351.0,0.0,5351.0,0.0579
5352.0,0.0,5352.0,0.0579
5353.0,0.0,5353.0,0.0463
5354.0,0.0,5354.0,0.0
5355.0,0.0,5355.0,0.0
5356.0,0.0,5356.0,0.0
5357.0,0.0,5357.0,0.0463
5358.0,0.0,5358.0,0.0348
5359.0,0.0,5359.0,0.0579
5360.0,0.0,5360.0,0.0463
5361.0,0.0,5361.0,0.0579
5362.0,0.521,5362.0,0.0579
5363.0,0.0,5363.0,0.0579
5364.0,0.0,5364.0,0.0579
5365.0,0.0,5365.0,0.0579
5366.0,0.0,5366.0,0.0695
5367.0,0.0,5367.0,0.0695
5368.0,0.0,5368.0,0.0695
5369.0,0.0,5369.0,0.0463
5370.0,0.0,5370.0,0.0463
5371.0,0.0,5371.0,0.0579
5372.0,0.0,5372.0,0.0579
5373.0,0.0,5373.0,0.0116
5374.0,0.521,5374.0,0.0348
5375.0,0.0,5375.0,0.0579
5376.0,0.0,5376.0,0.0579
5377.0,0.0,5377.0,0.0463
5378.0,0.0,5378.0,0.0463
5379.0,0.0,5379.0,0.0348
5380.0,0.0,5380.0,0.0348
5381.0,0.521,5381.0,0.0232
5382.0,0.0,5382.0,0.0348
5383.0,0.0,5383.0,0.0463
5384.0,0.0,5384.0,0.0232
5385.0,0.0,5385.0,0.0232
5386.0,0.0,5386.0,0.0232
5387.0,0.0,5387.0,0.0
5388.0,0.0,5388.0,0.0348
5389.0,0.0,5389.0,0.0695
5390.0,0.0,5390.0,0.0695
5391.0,0.0,5391.0,0.0811
5392.0,0.0,5392.0,0.0927
5393.0,0.0,5393.0,0.0579
5394.0,0.0,5394.0,0.0579
5395.0,0.521,5395.0,0.0695
5396.0,0.0,5396.0,0.0579
5397.0,0.0,5397.0,0.0348
5398.0,0.0,5398.0,0.0579
5399.0,0.0,5399.0,0.0232
5400.0,0.0,5400.0,0.0348
5401.0,0.0,5401.0,0.0
5402.0,0.0,5402.0,0.0
5403.0,0.0,5403.0,0.0
5404.0,0.0,5404.0,0.0463
5405.0,0.0,5405.0,0.0348
5406.0,0.521,5406.0,0.0579
5407.0,0.0,5407.0,0.0695
5408.0,0.0,5408.0,0.0232
5409.0,0.0,5409.0,0.0695
5410.0,0.0,5410.0,0.0232
5411.0,0.0,5411.0,0.0348
5412.0,0.0,5412.0,0.0579
5413.0,0.0,5413.0,0.0348
5414.0,0.0,5414.0,0.0463
5415.0,0.0,5415.0,0.0232
5416.0,0.0,5416.0,0.0116
5417.0,0.0,5417.0,0.0348
5418.0,0.0,5418.0,0.0579
5419.0,0.521,5419.0,0.0579
5420.0,0.0,5420.0,0.0695
5421.0,0.0,5421.0,0.0348
5422.0,0.0,5422.0,0.0463
5423.0,0.0,5423.0,0.0695
5424.0,0.0,5424.0,0.0463
5425.0,0.0,5425.0,0.0579
5426.0,0.0,5426.0,0.0463
5427.0,0.0,5427.0,0.0579
5428.0,0.0,5428.0,0.0348
5429.0,0.0,5429.0,0.0116
5430.0,0.521,5430.0,0.0463
5431.0,0.0,5431.0,0.0463
5432.0,0.0,5432.0,0.0463
5433.0,0.0,5433.0,0.0463
5434.0,0.0,5434.0,0.0579
5435.0,0.0,5435.0,0.0463
5436.0,0.0,5436.0,0.0579
5437.0,0.0,5437.0,0.0579
5438.0,0.0,5438.0,0.0463
5439.0,0.0,5439.0,0.0463
5440.0,0.0,5440.0,0.0463
5441.0,0.0,5441.0,0.0579
5442.0,0.521,5442.0,0.0
5443.0,0.0,5443.0,0.0463
5444.0,0.0,5444.0,0.0348
5445.0,0.0,5445.0,0.0463
5446.0,0.0,5446.0,0.0463
5447.0,0.0,5447.0,0.0579
5448.0,0.0,5448.0,0.0463
5449.0,0.0,5449.0,0.0348
5450.0,0.0,5450.0,0.0463
5451.0,0.0,5451.0,0.0463
5452.0,0.0,5452.0,0.0348
5453.0,0.0,5453.0,0.0579
5454.0,0.0,5454.0,0.0116
5455.0,0.521,5455.0,0.0232
5456.0,0.0,5456.0,0.0116
5457.0,0.0,5457.0,0.0348
5458.0,0.0,5458.0,0.0579
5459.0,0.0,5459.0,0.0463
5460.0,0.0,5460.0,0.0463
5461.0,0.0,5461.0,0.0463
5462.0,0.0,5462.0,0.0695
5463.0,0.0,5463.0,0.0348
5464.0,0.0,5464.0,0.0463
5465.0,0.0,5465.0,0.0463
5466.0,0.0,5466.0,0.0463
5467.0,0.0,5467.0,0.0348
5468.0,0.521,5468.0,0.0463
5469.0,0.0,5469.0,0.0116
5470.0,0.0,5470.0,0.0348
5471.0,0.0,5471.0,0.0463
5472.0,0.0,5472.0,0.0463
5473.0,0.0,5473.0,0.0463
5474.0,0.0,5474.0,0.0579
5475.0,0.0,5475.0,0.0579
5476.0,0.0,5476.0,0.0463
5477.0,0.0,5477.0,0.0463
5478.0,0.0,5478.0,0.0463
5479.0,0.521,5479.0,0.0463
5480.0,0.0,5480.0,0.0463
5481.0,0.0,5481.0,0.0463
5482.0,0.0,5482.0,0.0232
5483.0,0.0,5483.0,0.0232
5484.0,0.0,5484.0,0.0579
5485.0,0.0,5485.0,0.0463
5486.0,0.0,5486.0,0.0463
5487.0,0.0,5487.0,0.0463
5488.0,0.0,5488.0,0.0579
5489.0,0.0,5489.0,0.0463
5490.0,0.521,5490.0,0.0463
5491.0,0.0,5491.0,0.0463
5492.0,0.0,5492.0,0.0579
5493.0,0.0,5493.0,0.0463
5494.0,0.0,5494.0,0.0579
5495.0,0.0,5495.0,0.0348
5496.0,0.0,5496.0,0.0463
5497.0,0.0,5497.0,0.0695
5498.0,0.0,5498.0,0.0695
5499.0,0.0,5499.0,0.0579
5500.0,0.521,5500.0,0.0811
5501.0,0.0,5501.0,0.0579
5502.0,0.0,5502.0,0.0695
5503.0,0.0,5503.0,0.0579
5504.0,0.0,5504.0,0.0579
5505.0,0.0,5505.0,0.0695
5506.0,0.0,5506.0,0.0695
5507.0,0.0,5507.0,0.0463
5508.0,0.521,5508.0,0.0463
5509.0,0.0,5509.0,0.0463
5510.0,0.0,5510.0,0.0463
5511.0,0.0,5511.0,0.0695
5512.0,0.0,5512.0,0.0695
5513.0,0.0,5513.0,0.0811
5514.0,0.0,5514.0,0.0695
5515.0,0.0,5515.0,0.0811
5516.0,0.0,5516.0,0.0695
5517.0,0.521,5517.0,0.0695
5518.0,0.0,5518.0,0.0811
5519.0,0.0,5519.0,0.0695
5520.0,0.0,5520.0,0.0232
5521.0,0.0,5521.0,0.0463
5522.0,0.0,5522.0,0.0232
5523.0,0.0,5523.0,0.0811
5524.0,0.0,5524.0,0.0811
5525.0,0.0,5525.0,0.0695
5526.0,0.521,5526.0,0.0695
5527.0,0.0,5527.0,0.0579
5528.0,0.0,5528.0,0.0811
5529.0,0.0,5529.0,0.0811
5530.0,0.0,5530.0,0.0927
5531.0,0.0,5531.0,0.0695
5532.0,0.0,5532.0,0.0811
5533.0,0.0,5533.0,0.0695
5534.0,0.521,5534.0,0.0
5535.0,0.0,5535.0,0.0463
5536.0,0.0,5536.0,0.0463
5537.0,0.0,5537.0,0.0695
5538.0,0.0,5538.0,0.0927
5539.0,0.0,5539.0,0.0695
5540.0,0.0,5540.0,0.0811
5541.0,0.0,5541.0,0.0811
5542.0,0.521,5542.0,0.0811
5543.0,0.0,5543.0,0.0695
5544.0,0.0,5544.0,0.0927
5545.0,0.0,5545.0,0.0463
5546.0,0.0,5546.0,0.0348
5547.0,0.0,5547.0,0.0
5548.0,0.521,5548.0,0.0463
5549.0,0.0,5549.0,0.0463
5550.0,0.0,5550.0,0.0579
5551.0,0.0,5551.0,0.0695
5552.0,0.0,5552.0,0.0927
5553.0,0.0,5553.0,0.0927
5554.0,0.0,5554.0,0.0927
5555.0,0.0,5555.0,0.0579
5556.0,0.0,5556.0,0.0695
5557.0,0.0,5557.0,0.0579
5558.0,0.0,5558.0,0.0463
5559.0,0.0,5559.0,0.0579
5560.0,0.521,5560.0,0.0
5561.0,0.0,5561.0,0.0116
5562.0,0.0,5562.0,0.0463
5563.0,0.0,5563.0,0.0811
5564.0,0.0,5564.0,0.0695
5565.0,0.0,5565.0,0.0927
5566.0,0.0,5566.0,0.0579
5567.0,0.521,5567.0,0.0811
5568.0,0.0,5568.0,0.0811
5569.0,0.0,5569.0,0.0695
5570.0,0.0,5570.0,0.0695
5571.0,0.0,5571.0,0.0695
5572.0,0.0,5572.0,0.0579
5573.0,0.0,5573.0,0.0
5574.0,0.0,5574.0,0.0232
5575.0,0.521,5575.0,0.0348
5576.0,0.0,5576.0,0.0811
5577.0,0.0,5577.0,0.0695
5578.0,0.0,5578.0,0.0695
5579.0,0.0,5579.0,0.0695
5580.0,0.0,5580.0,0.0695
5581.0,0.0,5581.0,0.0695
5582.0,0.0,5582.0,0.0695
5583.0,0.0,5583.0,0.0579
5584.0,0.0,5584.0,0.0695
5585.0,0.0,5585.0,0.0463
5586.0,0.521,5586.0,0.0579
5587.0,0.0,5587.0,0.0348
5588.0,0.0,5588.0,0.0
5589.0,0.0,5589.0,0.0463
5590.0,0.0,5590.0,0.0695
5591.0,0.0,5591.0,0.0695
5592.0,0.0,5592.0,0.0695
5593.0,0.0,5593.0,0.0811
5594.0,0.521,5594.0,0.0695
5595.0,0.0,5595.0,0.0695
5596.0,0.0,5596.0,0.0811
5597.0,0.0,5597.0,0.0463
5598.0,0.0,5598.0,0.0579
5599.0,0.0,5599.0,0.0463
5600.0,0.0,5600.0,0.0348
5601.0,0.0,5601.0,0.0
5602.0,0.521,5602.0,0.0348
5603.0,0.0,5603.0,0.0463
5604.0,0.0,5604.0,0.0695
5605.0,0.0,5605.0,0.0579
5606.0,0.0,5606.0,0.0695
5607.0,0.0,5607.0,0.0695
5608.0,0.0,5608.0,0.0695
5609.0,0.0,5609.0,0.0695
5610.0,0.0,5610.0,0.0811
5611.0,0.0,5611.0,0.0463
5612.0,0.0,5612.0,0.0463
5613.0,0.521,5613.0,0.0463
5614.0,0.0,5614.0,0.0232
5615.0,0.0,5615.0,0.0
5616.0,0.0,5616.0,0.0348
5617.0,0.0,5617.0,0.0232
5618.0,0.0,5618.0,0.0695
5619.0,0.0,5619.0,0.0579
5620.0,0.0,5620.0,0.0579
5621.0,0.0,5621.0,0.0695
5622.0,0.0,5622.0,0.0927
5623.0,0.0,5623.0,0.0579
5624.0,0.0,5624.0,0.0927
5625.0,0.521,5625.0,0.0579
5626.0,0.0,5626.0,0.0463
5627.0,0.0,5627.0,0.0463
5628.0,0.0,5628.0,0.0116
5629.0,0.0,5629.0,0.0
5630.0,0.0,5630.0,0.0348
5631.0,0.0,5631.0,0.0232
5632.0,0.0,5632.0,0.0579
5633.0,0.0,5633.0,0.0695
5634.0,0.521,5634.0,0.0579
5635.0,0.0,5635.0,0.0695
5636.0,0.0,5636.0,0.0579
5637.0,0.0,5637.0,0.104
5638.0,0.0,5638.0,0.0927
5639.0,0.0,5639.0,0.0695
5640.0,0.0,5640.0,0.0348
5641.0,0.0,5641.0,0.0
5642.0,0.0,5642.0,0.0
5643.0,0.521,5643.0,0.0232
5644.0,0.0,5644.0,0.0579
5645.0,0.0,5645.0,0.0579
5646.0,0.0,5646.0,0.0463
5647.0,0.0,5647.0,0.0695
5648.0,0.0,5648.0,0.0695
5649.0,0.0,5649.0,0.0695
5650.0,0.0,5650.0,0.0579
5651.0,0.0,5651.0,0.0927
5652.0,0.0,5652.0,0.0348
5653.0,0.0,5653.0,0.0579
5654.0,0.521,5654.0,0.0232
5655.0,0.0,5655.0,0.0
5656.0,0.0,5656.0,0.0232
5657.0,0.0,5657.0,0.0232
5658.0,0.0,5658.0,0.0348
5659.0,0.0,5659.0,0.0579
5660.0,0.0,5660.0,0.0579
5661.0,0.0,5661.0,0.0463
5662.0,0.0,5662.0,0.0579
5663.0,0.0,5663.0,0.0695
5664.0,0.0,5664.0,0.0811
5665.0,0.0,5665.0,0.0463
5666.0,0.0,5666.0,0.0463
5667.0,0.521,5667.0,0.0579
5668.0,0.0,5668.0,0.0232
5669.0,0.0,5669.0,0.0232
5670.0,0.0,5670.0,0.0
5671.0,0.0,5671.0,0.0348
5672.0,0.0,5672.0,0.0116
5673.0,0.0,5673.0,0.0232
5674.0,0.0,5674.0,0.0579
5675.0,0.0,5675.0,0.0463
5676.0,0.0,5676.0,0.0579
5677.0,0.0,5677.0,0.0927
5678.0,0.0,5678.0,0.0463
5679.0,0.521,5679.0,0.0579
5680.0,0.0,5680.0,0.0348
5681.0,0.0,5681.0,0.0232
5682.0,0.0,5682.0,0.0463
5683.0,0.0,5683.0,0.0463
5684.0,0.0,5684.0,0.0232
5685.0,0.0,5685.0,0.0
5686.0,0.0,5686.0,0.0
5687.0,0.0,5687.0,0.0463
5688.0,0.0,5688.0,0.0116
5689.0,0.0,5689.0,0.0579
5690.0,0.0,5690.0,0.127
5691.0,0.521,5691.0,0.0811
5692.0,0.0,5692.0,0.0811
5693.0,0.0,5693.0,0.0695
5694.0,0.0,5694.0,0.0579
5695.0,0.0,5695.0,0.0579
5696.0,0.0,5696.0,0.0579
5697.0,0.0,5697.0,0.0695
5698.0,0.0,5698.0,0.0579
5699.0,0.0,5699.0,0.0579
5700.0,0.0,5700.0,0.0116
5701.0,0.521,5701.0,0.0
5702.0,0.0,5702.0,0.0
5703.0,0.0,5703.0,0.0579
5704.0,0.0,5704.0,0.0695
5705.0,0.0,5705.0,0.0579
5706.0,0.0,5706.0,0.0579
5707.0,0.0,5707.0,0.0695
5708.0,0.0,5708.0,0.0348
5709.0,0.0,5709.0,0.0579
5710.0,0.0,5710.0,0.0348
5711.0,0.521,5711.0,0.0579
5712.0,0.0,5712.0,0.0579
5713.0,0.0,5713.0,0.0232
5714.0,0.0,5714.0,0.0579
5715.0,0.0,5715.0,0.0348
5716.0,0.0,5716.0,0.0348
5717.0,0.0,5717.0,0.0232
5718.0,0.0,5718.0,0.0695
5719.0,0.0,5719.0,0.0463
5720.0,0.0,5720.0,0.0579
5721.0,0.0,5721.0,0.0579
5722.0,0.521,5722.0,0.0463
5723.0,0.0,5723.0,0.0579
5724.0,0.0,5724.0,0.0463
5725.0,0.0,5725.0,0.0463
5726.0,0.0,5726.0,0.0463
5727.0,0.0,5727.0,0.0579
5728.0,0.0,5728.0,0.0579
5729.0,0.0,5729.0,0.0232
5730.0,0.0,5730.0,0.0348
5731.0,0.521,5731.0,0.0463
5732.0,0.0,5732.0,0.0463
5733.0,0.0,5733.0,0.0579
5734.0,0.0,5734.0,0.0463
5735.0,0.0,5735.0,0.0579
5736.0,0.0,5736.0,0.0463
5737.0,0.0,5737.0,0.0579
5738.0,0.0,5738.0,0.0579
5739.0,0.0,5739.0,0.0579
5740.0,0.0,5740.0,0.0348
5741.0,0.0,5741.0,0.0579
5742.0,0.0,5742.0,0.0579
5743.0,0.521,5743.0,0.0
5744.0,0.0,5744.0,0.0463
5745.0,0.0,5745.0,0.0
5746.0,0.0,5746.0,0.0579
5747.0,0.0,5747.0,0.0579
5748.0,0.0,5748.0,0.0463
5749.0,0.0,5749.0,0.0463
5750.0,0.0,5750.0,0.0463
5751.0,0.0,5751.0,0.0579
5752.0,0.0,5752.0,0.0579
5753.0,0.0,5753.0,0.0463
5754.0,0.0,5754.0,0.0811
5755.0,0.0,5755.0,0.0463
5756.0,0.521,5756.0,0.0695
5757.0,0.0,5757.0,0.0695
5758.0,0.0,5758.0,0.0348
5759.0,0.0,5759.0,0.0116
5760.0,0.0,5760.0,0.0348
5761.0,0.0,5761.0,0.0579
5762.0,0.0,5762.0,0.0579
5763.0,0.0,5763.0,0.0579
5764.0,0.0,5764.0,0.0463
5765.0,0.521,5765.0,0.0579
5766.0,0.0,5766.0,0.0579
5767.0,0.0,5767.0,0.0579
5768.0,0.0,5768.0,0.0463
5769.0,0.0,5769.0,0.0695
5770.0,0.0,5770.0,0.0579
5771.0,0.0,5771.0,0.0811
5772.0,0.0,5772.0,0.0463
5773.0,0.521,5773.0,0.0232
5774.0,0.0,5774.0,0.0232
5775.0,0.0,5775.0,0.0695
5776.0,0.0,5776.0,0.0579
5777.0,0.0,5777.0,0.0463
5778.0,0.0,5778.0,0.0579
5779.0,0.0,5779.0,0.0463
5780.0,0.0,5780.0,0.0579
5781.0,0.0,5781.0,0.0463
5782.0,0.0,5782.0,0.0695
5783.0,0.0,5783.0,0.0232
5784.0,0.0,5784.0,0.0811
5785.0,0.0,5785.0,0.0463
5786.0,0.521,5786.0,0.0116
5787.0,0.0,5787.0,0.0348
5788.0,0.0,5788.0,0.0348
5789.0,0.0,5789.0,0.0579
5790.0,0.0,5790.0,0.0579
5791.0,0.0,5791.0,0.0463
5792.0,0.0,5792.0,0.0463
5793.0,0.0,5793.0,0.0695
5794.0,0.0,5794.0,0.0579
5795.0,0.0,5795.0,0.0579
5796.0,0.521,5796.0,0.0348
5797.0,0.0,5797.0,0.0579
5798.0,0.0,5798.0,0.0695
5799.0,0.0,5799.0,0.0348
5800.0,0.0,5800.0,0.0
5801.0,0.0,5801.0,0.0348
5802.0,0.0,5802.0,0.0116
5803.0,0.0,5803.0,0.0463
5804.0,0.0,5804.0,0.0579
5805.0,0.0,5805.0,0.0463
5806.0,0.521,5806.0,0.0579
5807.0,0.0,5807.0,0.0463
5808.0,0.0,5808.0,0.0579
5809.0,0.0,5809.0,0.0463
5810.0,0.0,5810.0,0.0579
5811.0,0.0,5811.0,0.0579
5812.0,0.0,5812.0,0.0579
5813.0,0.0,5813.0,0.0695
5814.0,0.0,5814.0,0.0232
5815.0,0.0,5815.0,0.0
5816.0,0.0,5816.0,0.0463
5817.0,0.521,5817.0,0.0232
5818.0,0.0,5818.0,0.0811
5819.0,0.0,5819.0,0.0579
5820.0,0.0,5820.0,0.0811
5821.0,0.0,5821.0,0.0579
5822.0,0.0,5822.0,0.0463
5823.0,0.0,5823.0,0.0579
5824.0,0.0,5824.0,0.0579
5825.0,0.0,5825.0,0.0463
5826.0,0.0,5826.0,0.0695
5827.0,0.0,5827.0,0.0811
5828.0,0.0,5828.0,0.0695
5829.0,0.521,5829.0,0.0116
5830.0,0.0,5830.0,0.0348
5831.0,0.0,5831.0,0.0232
5832.0,0.0,5832.0,0.0579
5833.0,0.0,5833.0,0.0579
5834.0,0.0,5834.0,0.0579
5835.0,0.0,5835.0,0.0579
5836.0,0.0,5836.0,0.0579
5837.0,0.0,5837.0,0.0579
5838.0,0.0,5838.0,0.0579
5839.0,0.521,5839.0,0.0348
5840.0,0.0,5840.0,0.0811
5841.0,0.0,5841.0,0.0695
5842.0,0.0,5842.0,0.0116
5843.0,0.0,5843.0,0.0116
5844.0,0.0,5844.0,0.0348
5845.0,0.0,5845.0,0.0348
5846.0,0.0,5846.0,0.0463
5847.0,0.0,5847.0,0.0579
5848.0,0.521,5848.0,0.0463
5849.0,0.0,5849.0,0.0579
5850.0,0.0,5850.0,0.0579
5851.0,0.0,5851.0,0.0579
5852.0,0.0,5852.0,0.0116
5853.0,0.0,5853.0,0.0695
5854.0,0.0,5854.0,0.0348
5855.0,0.0,5855.0,0.0232
5856.0,0.0,5856.0,0.0348
5857.0,0.0,5857.0,0.0116
5858.0,0.0,5858.0,0.0348
5859.0,0.0,5859.0,0.0348
5860.0,0.521,5860.0,0.0348
5861.0,0.0,5861.0,0.0463
5862.0,0.0,5862.0,0.0348
5863.0,0.0,5863.0,0.0463
5864.0,0.0,5864.0,0.0463
5865.0,0.0,5865.0,0.0348
5866.0,0.0,5866.0,0.0463
5867.0,0.0,5867.0,0.0463
5868.0,0.0,5868.0,0.0348
5869.0,0.0,5869.0,0.0463
5870.0,0.0,5870.0,0.0116
5871.0,0.0,5871.0,0.0232
5872.0,0.0,5872.0,0.0232
5873.0,0.0,5873.0,0.0
5874.0,0.0,5874.0,0.0463
5875.0,0.0,5875.0,0.0463
5876.0,0.521,5876.0,0.0463
5877.0,0.0,5877.0,0.0463
5878.0,0.0,5878.0,0.0463
5879.0,0.0,5879.0,0.0579
5880.0,0.0,5880.0,0.0463
5881.0,0.0,5881.0,0.0348
5882.0,0.0,5882.0,0.0579
5883.0,0.0,5883.0,0.0463
5884.0,0.0,5884.0,0.0695
5885.0,0.0,5885.0,0.0116
5886.0,0.0,5886.0,0.0
5887.0,0.0,5887.0,0.0348
5888.0,0.521,5888.0,0.0116
5889.0,0.0,5889.0,0.0116
5890.0,0.0,5890.0,0.0463
5891.0,0.0,5891.0,0.0463
5892.0,0.0,5892.0,0.0463
5893.0,0.0,5893.0,0.0463
5894.0,0.0,5894.0,0.0348
5895.0,0.0,5895.0,0.0463
5896.0,0.0,5896.0,0.0463
5897.0,0.0,5897.0,0.0232
5898.0,0.0,5898.0,0.0579
5899.0,0.0,5899.0,0.0695
5900.0,0.0,5900.0,0.0348
5901.0,0.0,5901.0,0.0
5902.0,0.0,5902.0,0.0
5903.0,0.521,5903.0,0.0463
5904.0,0.0,5904.0,0.0
5905.0,0.0,5905.0,0.0
5906.0,0.0,5906.0,0.0348
5907.0,0.0,5907.0,0.0463
5908.0,0.0,5908.0,0.0463
5909.0,0.0,5909.0,0.0463
5910.0,0.0,5910.0,0.0579
5911.0,0.0,5911.0,0.0463
5912.0,0.0,5912.0,0.0695
5913.0,0.0,5913.0,0.0463
5914.0,0.0,5914.0,0.0579
5915.0,0.0,5915.0,0.0811
5916.0,0.0,5916.0,0.0695
5917.0,0.0,5917.0,0.0463
5918.0,0.0,5918.0,0.0
5919.0,0.521,5919.0,0.0
5920.0,0.0,5920.0,0.0463
5921.0,0.0,5921.0,0.0
5922.0,0.0,5922.0,0.0348
5923.0,0.0,5923.0,0.0463
5924.0,0.0,5924.0,0.0579
5925.0,0.0,5925.0,0.0463
5926.0,0.0,5926.0,0.0348
5927.0,0.0,5927.0,0.0348
5928.0,0.0,5928.0,0.0348
5929.0,0.0,5929.0,0.0579
5930.0,0.0,5930.0,0.0463
5931.0,0.0,5931.0,0.0579
5932.0,0.0,5932.0,0.0232
5933.0,0.521,5933.0,0.0
5934.0,0.0,5934.0,0.0
5935.0,0.0,5935.0,0.0116
5936.0,0.0,5936.0,0.0348
5937.0,0.0,5937.0,0.0232
5938.0,0.0,5938.0,0.0579
5939.0,0.0,5939.0,0.0695
5940.0,0.0,5940.0,0.0579
5941.0,0.0,5941.0,0.0463
5942.0,0.0,5942.0,0.0348
5943.0,0.0,5943.0,0.0579
5944.0,0.0,5944.0,0.0579
5945.0,0.0,5945.0,0.0695
5946.0,0.0,5946.0,0.0463
5947.0,0.521,5947.0,0.0
5948.0,0.0,5948.0,0.0
5949.0,0.0,5949.0,0.0116
5950.0,0.0,5950.0,0.0232
5951.0,0.0,5951.0,0.0116
5952.0,0.0,5952.0,0.0348
5953.0,0.0,5953.0,0.0463
5954.0,0.0,5954.0,0.0695
5955.0,0.0,5955.0,0.0463
5956.0,0.0,5956.0,0.0811
5957.0,0.0,5957.0,0.0579
5958.0,0.0,5958.0,0.0463
5959.0,0.521,5959.0,0.0463
5960.0,0.0,5960.0,0.0463
5961.0,0.0,5961.0,0.0695
5962.0,0.0,5962.0,0.0463
5963.0,0.0,5963.0,0.0116
5964.0,0.0,5964.0,0.0
5965.0,0.0,5965.0,0.0
5966.0,0.0,5966.0,0.0348
5967.0,0.0,5967.0,0.0116
5968.0,0.0,5968.0,0.0463
5969.0,0.0,5969.0,0.0463
5970.0,0.0,5970.0,0.0463
5971.0,0.0,5971.0,0.0463
5972.0,0.0,5972.0,0.0348
5973.0,0.0,5973.0,0.0579
5974.0,0.0,5974.0,0.0463
5975.0,0.521,5975.0,0.0232
5976.0,0.0,5976.0,0.0811
5977.0,0.0,5977.0,0.0232
5978.0,0.0,5978.0,0.0463
5979.0,0.0,5979.0,0.0348
5980.0,0.0,5980.0,0.0
5981.0,0.0,5981.0,0.0
5982.0,0.0,5982.0,0.0
5983.0,0.0,5983.0,0.0348
5984.0,0.0,5984.0,0.0116
5985.0,0.0,5985.0,0.0463
5986.0,0.0,5986.0,0.0463
5987.0,0.521,5987.0,0.0463
5988.0,0.0,5988.0,0.0463
5989.0,0.0,5989.0,0.0463
5990.0,0.0,5990.0,0.0695
5991.0,0.0,5991.0,0.0463
5992.0,0.0,5992.0,0.0463
5993.0,0.0,5993.0,0.0695
5994.0,0.0,5994.0,0.0695
5995.0,0.0,5995.0,0.0
5996.0,0.0,5996.0,0.0
5997.0,0.0,5997.0,0.0116
5998.0,0.0,5998.0,0.0348
5999.0,0.0,5999.0,0.0116
6000.0,0.521,6000.0,0.0463
6001.0,0.0,6001.0,0.0348
6002.0,0.0,6002.0,0.0463
6003.0,0.0,6003.0,0.0463
6004.0,0.0,6004.0,0.0463
6005.0,0.0,6005.0,0.0348
6006.0,0.0,6006.0,0.0579
6007.0,0.0,6007.0,0.104
6008.0,0.0,6008.0,0.0348
6009.0,0.0,6009.0,0.0463
6010.0,0.0,6010.0,0.0463
6011.0,0.0,6011.0,0.0
6012.0,0.0,6012.0,0.0
6013.0,0.521,6013.0,0.0116
6014.0,0.0,6014.0,0.0348
6015.0,0.0,6015.0,0.0348
6016.0,0.0,6016.0,0.0463
6017.0,0.0,6017.0,0.0579
6018.0,0.0,6018.0,0.0579
6019.0,0.0,6019.0,0.0579
6020.0,0.0,6020.0,0.0811
6021.0,0.0,6021.0,0.0695
6022.0,0.0,6022.0,0.0348
6023.0,0.0,6023.0,0.0463
6024.0,0.0,6024.0,0.0463
6025.0,0.0,6025.0,0.0116
6026.0,0.0,6026.0,0.0
6027.0,0.521,6027.0,0.0
6028.0,0.0,6028.0,0.0232
6029.0,0.0,6029.0,0.0232
6030.0,0.0,6030.0,0.0
6031.0,0.0,6031.0,0.0463
6032.0,0.0,6032.0,0.0579
6033.0,0.0,6033.0,0.0811
6034.0,0.0,6034.0,0.0695
6035.0,0.0,6035.0,0.0579
6036.0,0.0,6036.0,0.0579
6037.0,0.0,6037.0,0.0348
6038.0,0.0,6038.0,0.0348
6039.0,0.0,6039.0,0.0463
6040.0,0.0,6040.0,0.0463
6041.0,0.0,6041.0,0.0232
6042.0,0.0,6042.0,0.0348
6043.0,0.521,6043.0,0.0348
6044.0,0.0,6044.0,0.0
6045.0,0.0,6045.0,0.0
6046.0,0.0,6046.0,0.0348
6047.0,0.0,6047.0,0.0579
6048.0,0.0,6048.0,0.0463
6049.0,0.0,6049.0,0.0579
6050.0,0.0,6050.0,0.0579
6051.0,0.0,6051.0,0.0348
6052.0,0.0,6052.0,0.0579
6053.0,0.0,6053.0,0.0463
6054.0,0.521,6054.0,0.0463
6055.0,0.0,6055.0,0.0232
6056.0,0.0,6056.0,0.0463
6057.0,0.0,6057.0,0.0348
6058.0,0.0,6058.0,0.0463
6059.0,0.0,6059.0,0.0348
6060.0,0.0,6060.0,0.0
6061.0,0.0,6061.0,0.0463
6062.0,0.0,6062.0,0.0463
6063.0,0.0,6063.0,0.0579
6064.0,0.0,6064.0,0.0463
6065.0,0.0,6065.0,0.0579
6066.0,0.0,6066.0,0.0463
6067.0,0.521,6067.0,0.0348
6068.0,0.0,6068.0,0.0463
6069.0,0.0,6069.0,0.0463
6070.0,0.0,6070.0,0.0463
6071.0,0.0,6071.0,0.0463
6072.0,0.0,6072.0,0.0348
6073.0,0.0,6073.0,0.0232
6074.0,0.0,6074.0,0.0348
6075.0,0.0,6075.0,0.0116
6076.0,0.0,6076.0,0.0
6077.0,0.0,6077.0,0.0116
6078.0,0.0,6078.0,0.0348
6079.0,0.0,6079.0,0.0116
6080.0,0.521,6080.0,0.0463
6081.0,0.0,6081.0,0.0695
6082.0,0.0,6082.0,0.0463
6083.0,0.0,6083.0,0.0463
6084.0,0.0,6084.0,0.0463
6085.0,0.0,6085.0,0.0579
6086.0,0.0,6086.0,0.0
6087.0,0.0,6087.0,0.0463
6088.0,0.0,6088.0,0.0463
6089.0,0.0,6089.0,0.0348
6090.0,0.0,6090.0,0.0232
6091.0,0.0,6091.0,0.0463
6092.0,0.0,6092.0,0.0116
6093.0,0.0,6093.0,0.0
6094.0,0.521,6094.0,0.0348
6095.0,0.0,6095.0,0.0927
6096.0,0.0,6096.0,0.0579
6097.0,0.0,6097.0,0.0695
6098.0,0.0,6098.0,0.0463
6099.0,0.0,6099.0,0.0348
6100.0,0.0,6100.0,0.0463
6101.0,0.0,6101.0,0.0463
6102.0,0.0,6102.0,0.0116
6103.0,0.0,6103.0,0.0463
6104.0,0.0,6104.0,0.0463
6105.0,0.0,6105.0,0.0348
6106.0,0.0,6106.0,0.0348
6107.0,0.521,6107.0,0.0348
6108.0,0.0,6108.0,0.0695
6109.0,0.0,6109.0,0.0695
6110.0,0.0,6110.0,0.0695
6111.0,0.0,6111.0,0.0463
6112.0,0.0,6112.0,0.0348
6113.0,0.0,6113.0,0.0463
6114.0,0.0,6114.0,0.0232
6115.0,0.0,6115.0,0.0463
6116.0,0.0,6116.0,0.0579
6117.0,0.521,6117.0,0.0232
6118.0,0.0,6118.0,0.0348
6119.0,0.0,6119.0,0.0
6120.0,0.0,6120.0,0.0463
6121.0,0.0,6121.0,0.0348
6122.0,0.0,6122.0,0.0695
6123.0,0.0,6123.0,0.0463
6124.0,0.0,6124.0,0.0811
6125.0,0.0,6125.0,0.0695
6126.0,0.0,6126.0,0.0348
6127.0,0.0,6127.0,0.0695
6128.0,0.0,6128.0,0.0927
6129.0,0.0,6129.0,0.0579
6130.0,0.521,6130.0,0.0695
6131.0,0.0,6131.0,0.0695
6132.0,0.0,6132.0,0.0927
6133.0,0.0,6133.0,0.0
6134.0,0.0,6134.0,0.0463
6135.0,0.0,6135.0,0.0579
6136.0,0.0,6136.0,0.0579
6137.0,0.521,6137.0,0.0579
6138.0,0.0,6138.0,0.0463
6139.0,0.0,6139.0,0.0579
6140.0,0.0,6140.0,0.0579
6141.0,0.0,6141.0,0.0463
6142.0,0.0,6142.0,0.0811
6143.0,0.0,6143.0,0.0348
6144.0,0.0,6144.0,0.0463
6145.0,0.0,6145.0,0.0695
6146.0,0.0,6146.0,0.0348
6147.0,0.521,6147.0,0.0232
6148.0,0.0,6148.0,0.0348
6149.0,0.0,6149.0,0.0695
6150.0,0.0,6150.0,0.0811
6151.0,0.0,6151.0,0.0695
6152.0,0.0,6152.0,0.0695
6153.0,0.0,6153.0,0.0579
6154.0,0.0,6154.0,0.0811
6155.0,0.0,6155.0,0.0811
6156.0,0.0,6156.0,0.0811
6157.0,0.521,6157.0,0.0811
6158.0,0.0,6158.0,0.0927
6159.0,0.0,6159.0,0.0579
6160.0,0.0,6160.0,0.0232
6161.0,0.0,6161.0,0.0695
6162.0,0.0,6162.0,0.0695
6163.0,0.521,6163.0,0.0811
6164.0,0.0,6164.0,0.0927
6165.0,0.0,6165.0,0.0695
6166.0,0.0,6166.0,0.0579
6167.0,0.0,6167.0,0.0927
6168.0,0.0,6168.0,0.0579
6169.0,0.0,6169.0,0.0927
6170.0,0.0,6170.0,0.0811
6171.0,0.0,6171.0,0.0811
6172.0,0.521,6172.0,0.0116
6173.0,0.0,6173.0,0.0463
6174.0,0.0,6174.0,0.0695
6175.0,0.0,6175.0,0.0927
6176.0,0.0,6176.0,0.0927
6177.0,0.0,6177.0,0.0811
6178.0,0.521,6178.0,0.0811
6179.0,0.0,6179.0,0.0811
6180.0,0.0,6180.0,0.0811
6181.0,0.0,6181.0,0.0695
6182.0,0.0,6182.0,0.104
6183.0,0.0,6183.0,0.0695
6184.0,0.521,6184.0,0.104
6185.0,0.0,6185.0,0.0695
6186.0,0.0,6186.0,0.0579
6187.0,0.0,6187.0,0.116
6188.0,0.0,6188.0,0.116
6189.0,0.0,6189.0,0.0811
6190.0,0.0,6190.0,0.0695
6191.0,0.521,6191.0,0.0695
6192.0,0.0,6192.0,0.0695
6193.0,0.0,6193.0,0.0695
6194.0,0.0,6194.0,0.0579
6195.0,0.0,6195.0,0.0695
6196.0,0.0,6196.0,0.0463
6197.0,0.0,6197.0,0.0232
6198.0,0.521,6198.0,0.0348
6199.0,0.0,6199.0,0.0695
6200.0,0.0,6200.0,0.0927
6201.0,0.0,6201.0,0.0811
6202.0,0.0,6202.0,0.0927
6203.0,0.0,6203.0,0.0579
6204.0,0.0,6204.0,0.0348
6205.0,0.0,6205.0,0.0463
6206.0,0.0,6206.0,0.0463
6207.0,0.521,6207.0,0.0232
6208.0,0.0,6208.0,0.0463
6209.0,0.0,6209.0,0.0348
6210.0,0.0,6210.0,0.0348
6211.0,0.0,6211.0,0.0
6212.0,0.0,6212.0,0.0348
6213.0,0.0,6213.0,0.0695
6214.0,0.0,6214.0,0.0695
6215.0,0.0,6215.0,0.0695
6216.0,0.0,6216.0,0.0695
6217.0,0.0,6217.0,0.0811
6218.0,0.521,6218.0,0.0695
6219.0,0.0,6219.0,0.0695
6220.0,0.0,6220.0,0.0695
6221.0,0.0,6221.0,0.0348
6222.0,0.0,6222.0,0.0348
6223.0,0.0,6223.0,0.0579
6224.0,0.0,6224.0,0.0
6225.0,0.0,6225.0,0.0
6226.0,0.0,6226.0,0.0463
6227.0,0.0,6227.0,0.0
6228.0,0.521,6228.0,0.0579
6229.0,0.0,6229.0,0.0463
6230.0,0.0,6230.0,0.0579
6231.0,0.0,6231.0,0.0695
6232.0,0.0,6232.0,0.0927
6233.0,0.0,6233.0,0.0811
6234.0,0.0,6234.0,0.104
6235.0,0.0,6235.0,0.0695
6236.0,0.0,6236.0,0.0579
6237.0,0.0,6237.0,0.0695
6238.0,0.0,6238.0,0.0695
6239.0,0.0,6239.0,0.0463
6240.0,0.521,6240.0,0.0348
6241.0,0.0,6241.0,0.0
6242.0,0.0,6242.0,0.0116
6243.0,0.0,6243.0,0.0348
6244.0,0.0,6244.0,0.0
6245.0,0.0,6245.0,0.0579
6246.0,0.0,6246.0,0.0579
6247.0,0.0,6247.0,0.0579
6248.0,0.0,6248.0,0.0695
6249.0,0.0,6249.0,0.0695
6250.0,0.0,6250.0,0.0695
6251.0,0.0,6251.0,0.0695
6252.0,0.521,6252.0,0.0463
6253.0,0.0,6253.0,0.0927
6254.0,0.0,6254.0,0.0463
6255.0,0.0,6255.0,0.0579
6256.0,0.0,6256.0,0.0
6257.0,0.521,6257.0,0.0463
6258.0,0.0,6258.0,0.0232
6259.0,0.0,6259.0,0.0695
6260.0,0.0,6260.0,0.0695
6261.0,0.0,6261.0,0.0927
6262.0,0.0,6262.0,0.0695
6263.0,0.0,6263.0,0.0811
6264.0,0.0,6264.0,0.0811
6265.0,0.0,6265.0,0.0579
6266.0,0.0,6266.0,0.0695
6267.0,0.0,6267.0,0.0695
6268.0,0.0,6268.0,0.0463
6269.0,0.521,6269.0,0.0232
6270.0,0.0,6270.0,0.0232
6271.0,0.0,6271.0,0.0463
6272.0,0.0,6272.0,0.0579
6273.0,0.0,6273.0,0.0579
6274.0,0.0,6274.0,0.0579
6275.0,0.0,6275.0,0.0695
6276.0,0.0,6276.0,0.0695
6277.0,0.0,6277.0,0.0579
6278.0,0.521,6278.0,0.0579
6279.0,0.0,6279.0,0.0579
6280.0,0.0,6280.0,0.0927
6281.0,0.0,6281.0,0.0348
6282.0,0.0,6282.0,0.0463
6283.0,0.0,6283.0,0.0116
