senderTs,senderMbps,receiverTs,receiverMbps
1.0,1.68,1.0,0.197
2.0,0.174,2.0,0.116
3.0,0.174,3.0,0.0463
4.0,0.0,4.0,0.0927
5.0,0.174,5.0,0.0695
6.0,0.0,6.0,0.0927
7.0,0.0,7.0,0.0811
8.0,0.0463,8.0,0.0348
9.0,0.0463,9.0,0.0116
10.0,0.0811,10.0,0.0811
11.0,0.405,11.0,0.0579
12.0,0.0463,12.0,0.0232
13.0,0.0463,13.0,0.0
14.0,0.0463,14.0,0.0116
15.0,0.0,15.0,0.0232
16.0,0.0,16.0,0.0116
17.0,0.521,17.0,0.0
18.0,0.0,18.0,0.0
19.0,0.0,19.0,0.0116
20.0,0.0,20.0,0.127
21.0,0.0,21.0,0.116
22.0,0.0,22.0,0.0
23.0,0.0,23.0,0.0
24.0,0.0,24.0,0.0
25.0,1.04,25.0,0.0
26.0,1.04,26.0,0.0
27.0,0.0,27.0,0.232
28.0,0.0,28.0,0.278
29.0,0.0,29.0,0.0
30.0,0.0,30.0,0.0
31.0,0.0,31.0,0.0
32.0,1.04,32.0,0.0
33.0,0.0,33.0,0.0463
34.0,0.521,34.0,0.0
35.0,0.0,35.0,0.0695
36.0,0.0,36.0,0.127
37.0,0.0,37.0,0.127
38.0,0.521,38.0,0.139
39.0,0.0,39.0,0.104
40.0,0.521,40.0,0.104
41.0,0.0,41.0,0.104
42.0,0.0,42.0,0.0927
43.0,0.521,43.0,0.139
44.0,0.0,44.0,0.301
45.0,0.521,45.0,0.151
46.0,0.521,46.0,0.0232
47.0,0.0,47.0,0.0
48.0,0.0,48.0,0.0927
49.0,0.521,49.0,0.104
50.0,0.0,50.0,0.116
51.0,0.0,51.0,0.116
52.0,0.0,52.0,0.0927
53.0,0.0,53.0,0.104
54.0,0.0,54.0,0.104
55.0,0.0,55.0,0.116
56.0,0.0,56.0,0.104
57.0,0.0,57.0,0.0579
58.0,0.521,58.0,0.0695
59.0,0.0,59.0,0.127
60.0,0.0,60.0,0.139
61.0,0.0,61.0,0.0811
62.0,0.521,62.0,0.0463
63.0,0.0,63.0,0.0
64.0,0.0,64.0,0.0116
65.0,0.0,65.0,0.0348
66.0,0.521,66.0,0.0
67.0,0.0,67.0,0.0116
68.0,0.0,68.0,0.127
69.0,0.0,69.0,0.127
70.0,0.0,70.0,0.127
71.0,0.0,71.0,0.151
72.0,0.0,72.0,0.174
73.0,0.0,73.0,0.151
74.0,0.521,74.0,0.139
75.0,0.0,75.0,0.0927
76.0,0.0,76.0,0.104
77.0,0.0,77.0,0.0116
78.0,0.521,78.0,0.0
79.0,0.521,79.0,0.0
80.0,0.0,80.0,0.0
81.0,0.521,81.0,0.0
82.0,0.0,82.0,0.0463
83.0,0.0,83.0,0.0
84.0,0.0,84.0,0.0811
85.0,0.0,85.0,0.0927
86.0,0.0,86.0,0.139
87.0,0.0,87.0,0.116
88.0,0.0,88.0,0.116
89.0,0.0,89.0,0.116
90.0,0.0,90.0,0.116
91.0,0.0,91.0,0.104
92.0,0.0,92.0,0.0579
93.0,0.0,93.0,0.0463
94.0,0.0,94.0,0.0348
95.0,0.521,95.0,0.0348
96.0,0.0,96.0,0.0
97.0,0.0,97.0,0.0
98.0,0.0,98.0,0.0
99.0,0.521,99.0,0.0
100.0,0.0,100.0,0.0
101.0,0.0,101.0,0.0
102.0,0.0,102.0,0.0
103.0,0.0,103.0,0.0
104.0,0.0,104.0,0.0232
105.0,0.0,105.0,0.0232
106.0,0.0,106.0,0.0
107.0,0.0,107.0,0.0
108.0,0.521,108.0,0.0
109.0,0.0,109.0,0.0232
110.0,0.0,110.0,0.139
111.0,0.0,111.0,0.127
112.0,0.0,112.0,0.127
113.0,0.0,113.0,0.139
114.0,0.0,114.0,0.116
115.0,0.0,115.0,0.197
116.0,0.0,116.0,0.0579
117.0,0.0,117.0,0.0463
118.0,0.0,118.0,0.0
119.0,0.0,119.0,0.0
120.0,0.0,120.0,0.0
121.0,0.0,121.0,0.0
122.0,0.0,122.0,0.0
123.0,0.521,123.0,0.0
124.0,0.0,124.0,0.0
125.0,0.521,125.0,0.0116
126.0,0.0,126.0,0.0348
127.0,0.0,127.0,0.0463
128.0,0.0,128.0,0.0695
129.0,0.0,129.0,0.0579
130.0,0.0,130.0,0.0463
131.0,0.0,131.0,0.0811
132.0,0.0,132.0,0.0695
133.0,0.0,133.0,0.0579
134.0,0.0,134.0,0.0463
135.0,0.0,135.0,0.0579
136.0,0.521,136.0,0.0116
137.0,0.0,137.0,0.0116
138.0,0.0,138.0,0.0232
139.0,0.0,139.0,0.0348
140.0,0.0,140.0,0.0463
141.0,0.0,141.0,0.0463
142.0,0.0,142.0,0.0579
143.0,0.0,143.0,0.0579
144.0,0.0,144.0,0.0116
145.0,0.0,145.0,0.0
146.0,0.0,146.0,0.0
147.0,0.0,147.0,0.0
148.0,0.521,148.0,0.0
149.0,0.0,149.0,0.0232
150.0,0.0,150.0,0.0232
151.0,0.0,151.0,0.0
152.0,0.0,152.0,0.0
153.0,0.0,153.0,0.0116
154.0,0.0,154.0,0.0811
155.0,0.0,155.0,0.0927
156.0,0.0,156.0,0.0927
157.0,0.0,157.0,0.0695
158.0,0.0,158.0,0.0811
159.0,0.0,159.0,0.0927
160.0,0.0,160.0,0.0927
161.0,0.0,161.0,0.139
162.0,0.0,162.0,0.162
163.0,0.0,163.0,0.139
164.0,0.521,164.0,0.0579
165.0,0.0,165.0,0.0232
166.0,0.0,166.0,0.0116
167.0,0.0,167.0,0.0
168.0,0.521,168.0,0.0
169.0,0.0,169.0,0.0
170.0,0.0,170.0,0.0116
171.0,0.0,171.0,0.0
172.0,0.0,172.0,0.0116
173.0,0.0,173.0,0.0116
174.0,0.0,174.0,0.0116
175.0,0.0,175.0,0.0
176.0,0.0,176.0,0.0
177.0,0.0,177.0,0.0
178.0,0.0,178.0,0.0
179.0,0.0,179.0,0.0
180.0,0.0,180.0,0.0
181.0,0.0,181.0,0.0
182.0,0.0,182.0,0.0116
183.0,0.0,183.0,0.0927
184.0,0.0,184.0,0.127
185.0,0.0,185.0,0.162
186.0,0.0,186.0,0.209
187.0,0.0,187.0,0.185
188.0,0.0,188.0,0.0811
189.0,0.0,189.0,0.0927
190.0,0.0,190.0,0.0695
191.0,0.521,191.0,0.0695
192.0,0.0,192.0,0.0695
193.0,0.0,193.0,0.0695
194.0,0.0,194.0,0.0579
195.0,0.0,195.0,0.0695
196.0,0.0,196.0,0.0811
197.0,0.0,197.0,0.0579
198.0,0.0,198.0,0.0695
199.0,0.0,199.0,0.0695
200.0,0.0,200.0,0.0579
201.0,0.0,201.0,0.0116
202.0,0.0,202.0,0.0116
203.0,0.0,203.0,0.0116
204.0,0.0,204.0,0.0
205.0,0.0,205.0,0.0
206.0,0.0,206.0,0.0
207.0,0.0,207.0,0.0
208.0,0.0,208.0,0.0
209.0,0.0,209.0,0.0
210.0,0.0,210.0,0.0
211.0,0.521,211.0,0.0
212.0,0.0,212.0,0.0
213.0,0.0,213.0,0.0
214.0,0.0,214.0,0.0
215.0,0.0,215.0,0.0
216.0,0.0,216.0,0.0
217.0,0.0,217.0,0.0
218.0,0.0,218.0,0.0
219.0,0.0,219.0,0.0
220.0,0.521,220.0,0.0
221.0,0.0,221.0,0.0
222.0,0.0,222.0,0.0
223.0,0.521,223.0,0.0232
224.0,0.0,224.0,0.0232
225.0,0.0,225.0,0.0
226.0,0.0,226.0,0.0
227.0,0.0,227.0,0.0
228.0,0.0,228.0,0.0
229.0,0.0,229.0,0.0
230.0,0.0,230.0,0.0811
231.0,0.0,231.0,0.0811
232.0,0.0,232.0,0.0579
233.0,0.0,233.0,0.0811
234.0,0.0,234.0,0.0695
235.0,0.0,235.0,0.0579
236.0,0.0,236.0,0.0579
237.0,0.0,237.0,0.0695
238.0,0.0,238.0,0.0695
239.0,0.0,239.0,0.0811
240.0,0.0,240.0,0.0927
241.0,0.0,241.0,0.0348
242.0,0.0,242.0,0.0232
243.0,0.0,243.0,0.0
244.0,0.0,244.0,0.0
245.0,0.0,245.0,0.0116
246.0,0.0,246.0,0.0
247.0,0.0,247.0,0.0
248.0,0.0,248.0,0.0
249.0,0.0,249.0,0.0
250.0,0.0,250.0,0.0
251.0,0.0,251.0,0.0
252.0,0.0,252.0,0.0
253.0,0.0,253.0,0.0
254.0,0.0,254.0,0.0
255.0,0.0,255.0,0.0
256.0,0.0,256.0,0.0
257.0,0.0,257.0,0.0
258.0,0.0,258.0,0.0
259.0,0.0,259.0,0.0
260.0,0.0,260.0,0.0
261.0,0.521,261.0,0.0
262.0,0.0,262.0,0.0116
263.0,0.0,263.0,0.0
264.0,0.0,264.0,0.0232
265.0,0.0,265.0,0.0
266.0,0.0,266.0,0.0116
267.0,0.0,267.0,0.0
268.0,0.0,268.0,0.0
269.0,0.0,269.0,0.0
270.0,0.0,270.0,0.0
271.0,0.0,271.0,0.0116
272.0,0.0,272.0,0.0695
273.0,0.0,273.0,0.0811
274.0,0.0,274.0,0.0811
275.0,0.0,275.0,0.0579
276.0,0.0,276.0,0.0927
277.0,0.0,277.0,0.151
278.0,0.0,278.0,0.151
279.0,0.0,279.0,0.116
280.0,0.0,280.0,0.0232
281.0,0.0,281.0,0.0
282.0,0.0,282.0,0.0
283.0,0.0,283.0,0.0
284.0,0.0,284.0,0.0
285.0,0.0,285.0,0.0
286.0,0.0,286.0,0.0
287.0,0.0,287.0,0.0
288.0,0.521,288.0,0.0
289.0,0.0,289.0,0.0
290.0,0.0,290.0,0.0
291.0,0.0,291.0,0.0
292.0,0.0,292.0,0.0
293.0,0.0,293.0,0.0
294.0,0.0,294.0,0.0
295.0,0.0,295.0,0.0
296.0,0.0,296.0,0.0
297.0,0.0,297.0,0.0
298.0,0.0,298.0,0.0
299.0,0.521,299.0,0.0
300.0,0.0,300.0,0.0
301.0,0.0,301.0,0.0
302.0,0.0,302.0,0.0116
303.0,0.0,303.0,0.0116
304.0,0.0,304.0,0.0116
305.0,0.0,305.0,0.0
306.0,0.0,306.0,0.0
307.0,0.0,307.0,0.0
308.0,0.0,308.0,0.0
309.0,0.0,309.0,0.0
310.0,0.0,310.0,0.0
311.0,0.0,311.0,0.0
312.0,0.0,312.0,0.0
313.0,0.0,313.0,0.0
314.0,0.0,314.0,0.0
315.0,0.0,315.0,0.0
316.0,0.0,316.0,0.0
317.0,0.0,317.0,0.0
318.0,0.0,318.0,0.0579
319.0,0.0,319.0,0.0579
320.0,0.0,320.0,0.0811
321.0,0.0,321.0,0.0695
322.0,0.0,322.0,0.0695
323.0,0.0,323.0,0.0811
324.0,0.0,324.0,0.0811
325.0,0.0,325.0,0.0927
326.0,0.0,326.0,0.104
327.0,0.0,327.0,0.104
328.0,0.521,328.0,0.116
329.0,0.0,329.0,0.104
330.0,0.0,330.0,0.104
331.0,0.0,331.0,0.174
332.0,0.0,332.0,0.301
333.0,0.0,333.0,0.185
334.0,0.521,334.0,0.151
335.0,0.521,335.0,0.0348
336.0,0.0,336.0,0.0
337.0,0.0,337.0,0.0
338.0,0.521,338.0,0.0
339.0,0.0,339.0,0.0116
340.0,0.0,340.0,0.0348
341.0,0.0,341.0,0.0
342.0,0.0,342.0,0.0
343.0,0.0,343.0,0.0
344.0,0.0,344.0,0.0
345.0,0.0,345.0,0.0
346.0,0.0,346.0,0.0
347.0,0.0,347.0,0.0
348.0,0.0,348.0,0.0
349.0,0.0,349.0,0.0116
350.0,0.0,350.0,0.0579
351.0,0.0,351.0,0.0811
352.0,0.0,352.0,0.0811
353.0,0.0,353.0,0.116
354.0,0.0,354.0,0.104
355.0,0.0,355.0,0.116
356.0,0.0,356.0,0.139
357.0,0.0,357.0,0.151
358.0,0.0,358.0,0.127
359.0,0.0,359.0,0.0116
360.0,0.0,360.0,0.0
361.0,0.0,361.0,0.0
362.0,0.0,362.0,0.0
363.0,0.521,363.0,0.0
364.0,0.0,364.0,0.0
365.0,0.0,365.0,0.0
366.0,0.521,366.0,0.0
367.0,0.0,367.0,0.0
368.0,0.0,368.0,0.0
369.0,0.0,369.0,0.0
370.0,0.0,370.0,0.0
371.0,0.0,371.0,0.0
372.0,0.0,372.0,0.0
373.0,0.0,373.0,0.0
374.0,0.0,374.0,0.0
375.0,0.0,375.0,0.0
376.0,0.0,376.0,0.0
377.0,0.0,377.0,0.0
378.0,0.0,378.0,0.0
379.0,0.0,379.0,0.0
380.0,0.0,380.0,0.0
381.0,0.0,381.0,0.0
382.0,0.0,382.0,0.0
383.0,0.0,383.0,0.0
384.0,0.0,384.0,0.0
385.0,0.0,385.0,0.0
386.0,0.0,386.0,0.0
387.0,0.0,387.0,0.0
388.0,0.0,388.0,0.0
389.0,0.0,389.0,0.0
390.0,0.0,390.0,0.0
391.0,0.0,391.0,0.0116
392.0,0.0,392.0,0.0
393.0,0.0,393.0,0.0
394.0,0.0,394.0,0.0
395.0,0.0,395.0,0.0
396.0,0.0,396.0,0.0
397.0,0.0,397.0,0.0
398.0,0.0,398.0,0.0
399.0,0.0,399.0,0.0
400.0,0.0,400.0,0.0
401.0,0.0,401.0,0.0
402.0,0.0,402.0,0.0
403.0,0.0,403.0,0.0116
404.0,0.0,404.0,0.0348
405.0,0.0,405.0,0.0
406.0,0.0,406.0,0.0
407.0,0.0,407.0,0.0
408.0,0.0,408.0,0.0
409.0,0.0,409.0,0.0
410.0,0.0,410.0,0.0
411.0,0.0,411.0,0.0
412.0,0.0,412.0,0.0
413.0,0.0,413.0,0.0116
414.0,0.0,414.0,0.104
415.0,0.0,415.0,0.0927
416.0,0.0,416.0,0.104
417.0,0.0,417.0,0.0927
418.0,0.0,418.0,0.104
419.0,0.0,419.0,0.0695
420.0,0.0,420.0,0.0927
421.0,0.0,421.0,0.0695
422.0,0.0,422.0,0.0579
423.0,0.0,423.0,0.0695
424.0,0.0,424.0,0.0579
425.0,0.0,425.0,0.0695
426.0,0.0,426.0,0.0579
427.0,0.0,427.0,0.0695
428.0,0.0,428.0,0.0695
429.0,0.0,429.0,0.0579
430.0,0.521,430.0,0.0
431.0,0.0,431.0,0.0
432.0,0.0,432.0,0.0
433.0,0.0,433.0,0.0
434.0,0.0,434.0,0.0
435.0,0.0,435.0,0.0
436.0,0.0,436.0,0.0
437.0,0.0,437.0,0.0
438.0,0.0,438.0,0.0
439.0,0.0,439.0,0.0
440.0,0.0,440.0,0.0
441.0,0.0,441.0,0.0
442.0,0.0,442.0,0.0
443.0,0.0,443.0,0.0
444.0,0.0,444.0,0.0
445.0,0.0,445.0,0.0
446.0,0.0,446.0,0.0
447.0,0.0,447.0,0.0
448.0,0.0,448.0,0.0
449.0,0.0,449.0,0.0
450.0,0.0,450.0,0.0
451.0,0.0,451.0,0.0
452.0,0.0,452.0,0.0116
453.0,0.0,453.0,0.0
454.0,0.0,454.0,0.0
455.0,0.0,455.0,0.0
456.0,0.0,456.0,0.0
457.0,0.0,457.0,0.0
458.0,0.0,458.0,0.0
459.0,0.0,459.0,0.0
460.0,0.0,460.0,0.0
461.0,0.0,461.0,0.0
462.0,0.0,462.0,0.0
463.0,0.0,463.0,0.0
464.0,0.0,464.0,0.0
465.0,0.0,465.0,0.0
466.0,0.0,466.0,0.0
467.0,0.0,467.0,0.0
468.0,0.0,468.0,0.0
469.0,0.0,469.0,0.0
470.0,0.0,470.0,0.0
471.0,0.0,471.0,0.0
472.0,1.04,472.0,0.0
473.0,0.0,473.0,0.0
474.0,0.0,474.0,0.0
475.0,0.0,475.0,0.0
476.0,0.0,476.0,0.0
477.0,0.0,477.0,0.0
478.0,0.0,478.0,0.0
479.0,0.0,479.0,0.0
480.0,0.0,480.0,0.0
481.0,0.0,481.0,0.0
482.0,0.0,482.0,0.0
483.0,0.0,483.0,0.0
484.0,0.0,484.0,0.0
485.0,0.0,485.0,0.0
486.0,0.0,486.0,0.0463
487.0,0.0,487.0,0.0
488.0,0.0,488.0,0.0
489.0,0.0,489.0,0.0116
490.0,0.0,490.0,0.0927
491.0,0.0,491.0,0.139
492.0,0.0,492.0,0.174
493.0,0.0,493.0,0.116
494.0,0.0,494.0,0.127
495.0,0.0,495.0,0.151
496.0,0.0,496.0,0.139
497.0,0.0,497.0,0.104
498.0,0.0,498.0,0.104
499.0,0.0,499.0,0.0
500.0,0.0,500.0,0.0
501.0,0.0,501.0,0.0
502.0,0.0,502.0,0.0
503.0,0.0,503.0,0.0
504.0,0.0,504.0,0.0
505.0,0.0,505.0,0.0
506.0,0.0,506.0,0.0
507.0,0.0,507.0,0.0
508.0,0.0,508.0,0.0
509.0,0.0,509.0,0.0
510.0,0.0,510.0,0.0
511.0,0.0,511.0,0.0
512.0,0.0,512.0,0.0
513.0,0.0,513.0,0.0
514.0,0.0,514.0,0.0
515.0,0.0,515.0,0.0
516.0,0.0,516.0,0.0
517.0,0.0,517.0,0.0
518.0,0.0,518.0,0.0
519.0,0.0,519.0,0.0
520.0,0.0,520.0,0.0
521.0,0.0,521.0,0.0
522.0,0.0,522.0,0.0
523.0,0.0,523.0,0.0
524.0,0.0,524.0,0.0
525.0,0.0,525.0,0.0
526.0,0.521,526.0,0.0
527.0,0.521,527.0,0.0
528.0,0.0,528.0,0.0
529.0,0.0,529.0,0.0
530.0,0.0,530.0,0.0348
531.0,0.0,531.0,0.0116
532.0,0.0,532.0,0.0
533.0,0.0,533.0,0.0
534.0,0.0,534.0,0.0
535.0,0.0,535.0,0.0
536.0,0.0,536.0,0.0116
537.0,0.0,537.0,0.139
538.0,0.0,538.0,0.151
539.0,0.0,539.0,0.174
540.0,0.0,540.0,0.232
541.0,0.0,541.0,0.185
542.0,0.0,542.0,0.104
543.0,0.0,543.0,0.0116
544.0,0.0,544.0,0.0
545.0,0.0,545.0,0.0
546.0,0.0,546.0,0.0
547.0,0.521,547.0,0.0
548.0,0.0,548.0,0.0
549.0,0.0,549.0,0.0
550.0,0.0,550.0,0.0
551.0,0.0,551.0,0.0
552.0,0.0,552.0,0.0
553.0,0.521,553.0,0.0
554.0,0.0,554.0,0.0
555.0,0.0,555.0,0.0
556.0,0.0,556.0,0.0232
557.0,0.0,557.0,0.0116
558.0,0.0,558.0,0.0116
559.0,0.0,559.0,0.0
560.0,0.0,560.0,0.0
561.0,0.0,561.0,0.0
562.0,0.0,562.0,0.0
563.0,0.0,563.0,0.0
564.0,0.0,564.0,0.0
565.0,0.0,565.0,0.0116
566.0,0.0,566.0,0.0927
567.0,0.0,567.0,0.0811
568.0,0.0,568.0,0.0811
569.0,0.0,569.0,0.0695
570.0,0.0,570.0,0.0695
571.0,0.0,571.0,0.0811
572.0,0.0,572.0,0.0579
573.0,0.0,573.0,0.0579
574.0,0.0,574.0,0.0579
575.0,0.0,575.0,0.0579
576.0,0.0,576.0,0.0579
577.0,0.0,577.0,0.0695
578.0,0.0,578.0,0.0579
579.0,0.0,579.0,0.0579
580.0,0.0,580.0,0.0463
581.0,0.0,581.0,0.0579
582.0,0.0,582.0,0.0463
583.0,0.0,583.0,0.0463
584.0,0.0,584.0,0.0463
585.0,0.521,585.0,0.0579
586.0,0.0,586.0,0.0463
587.0,0.0,587.0,0.0579
588.0,0.0,588.0,0.0927
589.0,0.0,589.0,0.0
590.0,0.0,590.0,0.0
591.0,0.0,591.0,0.0
592.0,0.0,592.0,0.0
593.0,0.0,593.0,0.0
594.0,0.0,594.0,0.0
595.0,0.0,595.0,0.0
596.0,0.0,596.0,0.0
597.0,0.521,597.0,0.0
598.0,0.0,598.0,0.0
599.0,0.0,599.0,0.0
600.0,0.0,600.0,0.0
601.0,0.0,601.0,0.0
602.0,0.521,602.0,0.0
603.0,0.0,603.0,0.0463
604.0,0.0,604.0,0.0
605.0,0.0,605.0,0.0
606.0,0.0,606.0,0.0
607.0,0.0,607.0,0.0
608.0,0.0,608.0,0.0
609.0,0.0,609.0,0.0
610.0,0.0,610.0,0.0
611.0,0.0,611.0,0.0
612.0,0.0,612.0,0.0579
613.0,0.0,613.0,0.0463
614.0,0.0,614.0,0.0463
615.0,0.0,615.0,0.0579
616.0,0.0,616.0,0.0579
617.0,0.0,617.0,0.0579
618.0,0.0,618.0,0.0695
619.0,0.0,619.0,0.0579
620.0,0.0,620.0,0.0695
621.0,0.0,621.0,0.0695
622.0,0.0,622.0,0.0695
623.0,0.0,623.0,0.197
624.0,0.0,624.0,0.22
625.0,0.0,625.0,0.0348
626.0,0.0,626.0,0.0
627.0,0.0,627.0,0.0
628.0,0.0,628.0,0.0
629.0,0.0,629.0,0.0
630.0,0.0,630.0,0.0
631.0,0.0,631.0,0.0
632.0,0.0,632.0,0.0
633.0,0.0,633.0,0.0
634.0,0.0,634.0,0.0
635.0,0.521,635.0,0.0
636.0,0.521,636.0,0.0
637.0,0.0,637.0,0.0
638.0,0.0,638.0,0.0463
639.0,0.0,639.0,0.0
640.0,0.0,640.0,0.0
641.0,0.0,641.0,0.0
642.0,0.0,642.0,0.0
643.0,0.0,643.0,0.0579
644.0,0.0,644.0,0.104
645.0,0.0,645.0,0.0811
646.0,0.0,646.0,0.0811
647.0,0.0,647.0,0.0811
648.0,0.0,648.0,0.0695
649.0,0.0,649.0,0.0579
650.0,0.0,650.0,0.0463
651.0,0.0,651.0,0.0463
652.0,0.0,652.0,0.0579
653.0,0.521,653.0,0.0348
654.0,0.0,654.0,0.0
655.0,0.0,655.0,0.0
656.0,0.0,656.0,0.0
657.0,0.0,657.0,0.0
658.0,0.0,658.0,0.0
659.0,0.0,659.0,0.0
660.0,0.0,660.0,0.0
661.0,0.0,661.0,0.0
662.0,0.0,662.0,0.0116
663.0,0.0,663.0,0.0116
664.0,0.0,664.0,0.0
665.0,0.0,665.0,0.0116
666.0,0.0,666.0,0.0
667.0,0.0,667.0,0.0116
668.0,0.0,668.0,0.0
669.0,0.0,669.0,0.0
670.0,0.0,670.0,0.0
671.0,0.0,671.0,0.0
672.0,0.0,672.0,0.0
673.0,0.0,673.0,0.0
674.0,0.0,674.0,0.0
675.0,0.0,675.0,0.0116
676.0,0.0,676.0,0.0579
677.0,0.521,677.0,0.0579
678.0,0.0,678.0,0.0811
679.0,0.0,679.0,0.0811
680.0,0.0,680.0,0.0579
681.0,0.0,681.0,0.0695
682.0,0.0,682.0,0.0116
683.0,0.0,683.0,0.0232
684.0,0.0,684.0,0.0116
685.0,0.0,685.0,0.0232
686.0,0.0,686.0,0.0232
687.0,0.0,687.0,0.0232
688.0,0.0,688.0,0.0116
689.0,0.0,689.0,0.0116
690.0,0.0,690.0,0.0232
691.0,0.0,691.0,0.0
692.0,0.0,692.0,0.0
693.0,0.0,693.0,0.0
694.0,0.0,694.0,0.0
695.0,0.521,695.0,0.0
696.0,0.0,696.0,0.0
697.0,0.0,697.0,0.0116
698.0,0.0,698.0,0.0348
699.0,0.0,699.0,0.0
700.0,0.0,700.0,0.0
701.0,0.0,701.0,0.0
702.0,0.0,702.0,0.0348
703.0,0.0,703.0,0.0695
704.0,0.0,704.0,0.0695
705.0,0.0,705.0,0.0811
706.0,0.0,706.0,0.0463
707.0,0.0,707.0,0.0463
708.0,0.0,708.0,0.0116
709.0,0.0,709.0,0.0116
710.0,0.0,710.0,0.0116
711.0,0.0,711.0,0.0116
712.0,0.0,712.0,0.0116
713.0,0.0,713.0,0.0232
714.0,0.0,714.0,0.0232
715.0,0.0,715.0,0.0348
716.0,0.0,716.0,0.0116
717.0,0.0,717.0,0.0
718.0,0.0,718.0,0.0
719.0,0.521,719.0,0.0
720.0,0.0,720.0,0.0463
721.0,0.0,721.0,0.0
722.0,0.0,722.0,0.0
723.0,0.0,723.0,0.0695
724.0,0.0,724.0,0.0579
725.0,0.0,725.0,0.0579
726.0,0.0,726.0,0.0811
727.0,0.0,727.0,0.0695
728.0,0.0,728.0,0.0579
729.0,0.0,729.0,0.0463
730.0,0.0,730.0,0.0579
731.0,0.0,731.0,0.0579
732.0,0.0,732.0,0.0811
733.0,0.0,733.0,0.0811
734.0,0.0,734.0,0.0811
735.0,0.0,735.0,0.0116
736.0,0.0,736.0,0.0
737.0,0.0,737.0,0.0
738.0,0.0,738.0,0.0
739.0,0.521,739.0,0.0
740.0,0.0,740.0,0.0
741.0,0.0,741.0,0.0116
742.0,0.0,742.0,0.0348
743.0,0.0,743.0,0.0
744.0,0.0,744.0,0.0
745.0,0.0,745.0,0.0
746.0,0.0,746.0,0.0463
747.0,0.0,747.0,0.0695
748.0,0.0,748.0,0.0579
749.0,0.0,749.0,0.0695
750.0,0.0,750.0,0.0579
751.0,0.0,751.0,0.0463
752.0,0.0,752.0,0.0579
753.0,0.0,753.0,0.0463
754.0,0.0,754.0,0.0463
755.0,0.0,755.0,0.0463
756.0,0.0,756.0,0.0348
757.0,0.0,757.0,0.0463
758.0,0.0,758.0,0.151
759.0,0.0,759.0,0.116
760.0,0.0,760.0,0.0348
761.0,0.521,761.0,0.0463
762.0,0.0,762.0,0.0
763.0,0.0,763.0,0.0
764.0,0.521,764.0,0.0
765.0,0.0,765.0,0.0
766.0,0.0,766.0,0.0
767.0,0.0,767.0,0.0348
768.0,0.0,768.0,0.0116
769.0,0.0,769.0,0.0
770.0,0.0,770.0,0.0
771.0,0.0,771.0,0.0
772.0,0.0,772.0,0.0579
773.0,0.0,773.0,0.0579
774.0,0.0,774.0,0.0579
775.0,0.0,775.0,0.0927
776.0,0.0,776.0,0.0579
777.0,0.0,777.0,0.0579
778.0,0.0,778.0,0.0463
779.0,0.0,779.0,0.0579
780.0,0.521,780.0,0.0463
781.0,0.0,781.0,0.0348
782.0,0.0,782.0,0.0579
783.0,0.0,783.0,0.0695
784.0,0.0,784.0,0.0927
785.0,0.0,785.0,0.104
786.0,0.0,786.0,0.0463
787.0,0.0,787.0,0.0
788.0,0.0,788.0,0.0
789.0,0.0,789.0,0.0
790.0,0.0,790.0,0.0
791.0,0.521,791.0,0.0
792.0,0.0,792.0,0.0
793.0,0.0,793.0,0.0463
794.0,0.0,794.0,0.0
795.0,0.0,795.0,0.0
796.0,0.0,796.0,0.0
797.0,0.0,797.0,0.0116
798.0,0.0,798.0,0.0695
799.0,0.521,799.0,0.0695
800.0,0.0,800.0,0.0695
801.0,0.0,801.0,0.0695
802.0,0.0,802.0,0.0463
803.0,0.0,803.0,0.0348
804.0,0.0,804.0,0.0116
805.0,0.0,805.0,0.0116
806.0,0.0,806.0,0.0116
807.0,0.0,807.0,0.0232
808.0,0.0,808.0,0.0116
809.0,0.0,809.0,0.0
810.0,0.0,810.0,0.0348
811.0,0.0,811.0,0.0
812.0,0.0,812.0,0.0
813.0,0.0,813.0,0.0116
814.0,0.0,814.0,0.0348
815.0,0.0,815.0,0.0
816.0,0.0,816.0,0.0695
817.0,0.0,817.0,0.0811
818.0,0.0,818.0,0.0811
819.0,0.0,819.0,0.0695
820.0,0.0,820.0,0.0695
821.0,0.0,821.0,0.0811
822.0,0.0,822.0,0.0695
823.0,0.0,823.0,0.0695
824.0,0.0,824.0,0.0695
825.0,0.0,825.0,0.0579
826.0,0.521,826.0,0.0463
827.0,0.0,827.0,0.0232
828.0,0.0,828.0,0.0463
829.0,0.0,829.0,0.0579
830.0,0.0,830.0,0.0
831.0,0.521,831.0,0.0
832.0,0.0,832.0,0.0
833.0,0.0,833.0,0.0
834.0,0.0,834.0,0.0232
835.0,0.0,835.0,0.0232
836.0,0.0,836.0,0.0
837.0,0.0,837.0,0.0695
838.0,0.0,838.0,0.0695
839.0,0.0,839.0,0.0579
840.0,0.0,840.0,0.0811
841.0,0.0,841.0,0.0695
842.0,0.0,842.0,0.0811
843.0,0.0,843.0,0.0695
844.0,0.0,844.0,0.0927
845.0,0.0,845.0,0.116
846.0,0.0,846.0,0.0695
847.0,0.0,847.0,0.0579
848.0,0.0,848.0,0.0348
849.0,0.521,849.0,0.0
850.0,0.0,850.0,0.0
851.0,0.0,851.0,0.0
852.0,0.0,852.0,0.0
853.0,0.0,853.0,0.0
854.0,0.521,854.0,0.0
855.0,0.0,855.0,0.0
856.0,0.0,856.0,0.0463
857.0,0.0,857.0,0.0
858.0,0.0,858.0,0.0
859.0,0.0,859.0,0.0
860.0,0.0,860.0,0.0116
861.0,0.0,861.0,0.0695
862.0,0.0,862.0,0.0579
863.0,0.0,863.0,0.0695
864.0,0.0,864.0,0.0927
865.0,0.0,865.0,0.0927
866.0,0.0,866.0,0.0811
867.0,0.0,867.0,0.0927
868.0,0.0,868.0,0.116
869.0,0.0,869.0,0.0579
870.0,0.0,870.0,0.0348
871.0,0.0,871.0,0.0232
872.0,0.0,872.0,0.0
873.0,0.0,873.0,0.0
874.0,0.0,874.0,0.0
875.0,0.521,875.0,0.0
876.0,0.0,876.0,0.0
877.0,0.0,877.0,0.0
878.0,0.0,878.0,0.0
879.0,0.0,879.0,0.0
880.0,0.0,880.0,0.0463
881.0,0.0,881.0,0.0
882.0,0.0,882.0,0.0
883.0,0.0,883.0,0.0
884.0,0.0,884.0,0.0116
885.0,0.0,885.0,0.0695
886.0,0.0,886.0,0.0695
887.0,0.0,887.0,0.0579
888.0,0.0,888.0,0.0463
889.0,0.0,889.0,0.0579
890.0,0.0,890.0,0.0579
891.0,0.0,891.0,0.0579
892.0,0.0,892.0,0.0348
893.0,0.0,893.0,0.0
894.0,0.521,894.0,0.0
895.0,0.0,895.0,0.0348
896.0,0.0,896.0,0.0463
897.0,0.0,897.0,0.0
898.0,0.0,898.0,0.0
899.0,0.0,899.0,0.0
900.0,0.0,900.0,0.0
901.0,0.0,901.0,0.0
902.0,0.0,902.0,0.0
903.0,0.0,903.0,0.0
904.0,0.0,904.0,0.0463
905.0,0.0,905.0,0.0
906.0,0.0,906.0,0.0116
907.0,0.521,907.0,0.0463
908.0,0.0,908.0,0.0579
909.0,0.0,909.0,0.0463
910.0,0.0,910.0,0.0463
911.0,0.0,911.0,0.0695
912.0,0.0,912.0,0.0463
913.0,0.0,913.0,0.0348
914.0,0.0,914.0,0.0348
915.0,0.0,915.0,0.0348
916.0,0.0,916.0,0.0348
917.0,0.0,917.0,0.0463
918.0,0.0,918.0,0.0463
919.0,0.0,919.0,0.0579
920.0,0.0,920.0,0.0
921.0,0.0,921.0,0.0
922.0,0.521,922.0,0.0
923.0,0.0,923.0,0.0232
924.0,0.0,924.0,0.0232
925.0,0.0,925.0,0.0
926.0,0.0,926.0,0.0
927.0,0.0,927.0,0.0
928.0,0.0,928.0,0.0116
929.0,0.0,929.0,0.0463
930.0,0.0,930.0,0.0579
931.0,0.0,931.0,0.0463
932.0,0.0,932.0,0.0463
933.0,0.0,933.0,0.0463
934.0,0.0,934.0,0.0463
935.0,0.0,935.0,0.0579
936.0,0.0,936.0,0.0579
937.0,0.0,937.0,0.0348
938.0,0.0,938.0,0.0463
939.0,0.0,939.0,0.0463
940.0,0.0,940.0,0.0348
941.0,0.0,941.0,0.0348
942.0,0.0,942.0,0.0348
943.0,0.0,943.0,0.0463
944.0,0.0,944.0,0.0463
945.0,0.0,945.0,0.0811
946.0,0.521,946.0,0.0
947.0,0.0,947.0,0.0
948.0,0.0,948.0,0.0
949.0,0.0,949.0,0.0
950.0,0.0,950.0,0.0
951.0,0.0,951.0,0.0
952.0,0.0,952.0,0.0116
953.0,0.0,953.0,0.0348
954.0,0.0,954.0,0.0
955.0,0.0,955.0,0.0
956.0,0.0,956.0,0.0116
957.0,0.0,957.0,0.0463
958.0,0.0,958.0,0.0348
959.0,0.0,959.0,0.0348
960.0,0.0,960.0,0.0348
961.0,0.0,961.0,0.0463
962.0,0.0,962.0,0.0463
963.0,0.0,963.0,0.0348
964.0,0.0,964.0,0.0232
965.0,0.0,965.0,0.0579
966.0,0.0,966.0,0.0811
967.0,0.0,967.0,0.0695
968.0,0.0,968.0,0.0927
969.0,0.0,969.0,0.0116
970.0,0.0,970.0,0.0116
971.0,0.521,971.0,0.0
972.0,0.0,972.0,0.0
973.0,0.0,973.0,0.0
974.0,0.0,974.0,0.0
975.0,0.0,975.0,0.0
976.0,0.521,976.0,0.0348
977.0,0.0,977.0,0.0116
978.0,0.0,978.0,0.0
979.0,0.0,979.0,0.0
980.0,0.0,980.0,0.0
981.0,0.0,981.0,0.0
982.0,0.0,982.0,0.0348
983.0,0.0,983.0,0.0463
984.0,0.0,984.0,0.0463
985.0,0.0,985.0,0.0348
986.0,0.0,986.0,0.0348
987.0,0.0,987.0,0.0579
988.0,0.0,988.0,0.0463
989.0,0.0,989.0,0.0695
990.0,0.0,990.0,0.0463
991.0,0.0,991.0,0.0579
992.0,0.0,992.0,0.0695
993.0,0.0,993.0,0.0695
994.0,0.0,994.0,0.0348
995.0,0.0,995.0,0.0
996.0,0.0,996.0,0.0
997.0,0.0,997.0,0.0
998.0,0.521,998.0,0.0
999.0,0.0,999.0,0.0
1000.0,0.0,1000.0,0.0116
1001.0,0.0,1001.0,0.0232
1002.0,0.0,1002.0,0.0116
1003.0,0.0,1003.0,0.0
1004.0,0.0,1004.0,0.0
1005.0,0.0,1005.0,0.0
1006.0,0.0,1006.0,0.0579
1007.0,0.0,1007.0,0.0463
1008.0,0.0,1008.0,0.0348
1009.0,0.0,1009.0,0.0463
1010.0,0.0,1010.0,0.0348
1011.0,0.0,1011.0,0.0348
1012.0,0.0,1012.0,0.0232
1013.0,0.0,1013.0,0.0116
1014.0,0.0,1014.0,0.0232
1015.0,0.521,1015.0,0.0116
1016.0,0.0,1016.0,0.0
1017.0,0.0,1017.0,0.0116
1018.0,0.0,1018.0,0.0116
1019.0,0.0,1019.0,0.0116
1020.0,0.0,1020.0,0.0
1021.0,0.0,1021.0,0.0116
1022.0,0.0,1022.0,0.0
1023.0,0.0,1023.0,0.0
1024.0,0.0,1024.0,0.0
1025.0,0.0,1025.0,0.0232
1026.0,0.0,1026.0,0.0232
1027.0,0.0,1027.0,0.0579
1028.0,0.0,1028.0,0.0463
1029.0,0.0,1029.0,0.0579
1030.0,0.0,1030.0,0.0463
1031.0,0.0,1031.0,0.0463
1032.0,0.0,1032.0,0.0232
1033.0,0.0,1033.0,0.0116
1034.0,0.0,1034.0,0.0348
1035.0,0.0,1035.0,0.0116
1036.0,0.0,1036.0,0.0116
1037.0,0.0,1037.0,0.0116
1038.0,0.0,1038.0,0.0232
1039.0,0.0,1039.0,0.0116
1040.0,0.521,1040.0,0.0348
1041.0,0.0,1041.0,0.0
1042.0,0.0,1042.0,0.0
1043.0,0.0,1043.0,0.0232
1044.0,0.0,1044.0,0.0232
1045.0,0.0,1045.0,0.0
1046.0,0.0,1046.0,0.0579
1047.0,0.0,1047.0,0.0463
1048.0,0.0,1048.0,0.0463
1049.0,0.0,1049.0,0.0463
1050.0,0.0,1050.0,0.0463
1051.0,0.0,1051.0,0.0348
1052.0,0.0,1052.0,0.0463
1053.0,0.0,1053.0,0.0348
1054.0,0.0,1054.0,0.0695
1055.0,0.0,1055.0,0.0463
1056.0,0.0,1056.0,0.0232
1057.0,0.0,1057.0,0.0
1058.0,0.0,1058.0,0.0
1059.0,0.0,1059.0,0.0
1060.0,0.0,1060.0,0.0
1061.0,0.0,1061.0,0.0
1062.0,0.521,1062.0,0.0
1063.0,0.0,1063.0,0.0348
1064.0,0.0,1064.0,0.0116
1065.0,0.0,1065.0,0.0
1066.0,0.0,1066.0,0.0
1067.0,0.0,1067.0,0.0
1068.0,0.0,1068.0,0.0348
1069.0,0.0,1069.0,0.0579
1070.0,0.0,1070.0,0.0579
1071.0,0.0,1071.0,0.0463
1072.0,0.0,1072.0,0.0463
1073.0,0.0,1073.0,0.0463
1074.0,0.0,1074.0,0.0463
1075.0,0.0,1075.0,0.0579
1076.0,0.0,1076.0,0.0579
1077.0,0.0,1077.0,0.0463
1078.0,0.0,1078.0,0.0232
1079.0,0.0,1079.0,0.0348
1080.0,0.0,1080.0,0.0463
1081.0,0.0,1081.0,0.0116
1082.0,0.0,1082.0,0.0
1083.0,0.0,1083.0,0.0
1084.0,0.521,1084.0,0.0
1085.0,0.0,1085.0,0.0
1086.0,0.0,1086.0,0.0
1087.0,0.0,1087.0,0.0
1088.0,0.0,1088.0,0.0232
1089.0,0.0,1089.0,0.0232
1090.0,0.0,1090.0,0.0
1091.0,0.0,1091.0,0.0
1092.0,0.0,1092.0,0.0348
1093.0,0.0,1093.0,0.0463
1094.0,0.0,1094.0,0.0348
1095.0,0.0,1095.0,0.0348
1096.0,0.0,1096.0,0.0463
1097.0,0.0,1097.0,0.0348
1098.0,0.0,1098.0,0.0232
1099.0,0.0,1099.0,0.0348
1100.0,0.0,1100.0,0.0463
1101.0,0.0,1101.0,0.0348
1102.0,0.0,1102.0,0.0463
1103.0,0.0,1103.0,0.0232
1104.0,0.0,1104.0,0.0116
1105.0,0.0,1105.0,0.0232
1106.0,0.521,1106.0,0.0
1107.0,0.0,1107.0,0.0
1108.0,0.0,1108.0,0.0
1109.0,0.0,1109.0,0.0
1110.0,0.0,1110.0,0.0232
1111.0,0.0,1111.0,0.0232
1112.0,0.0,1112.0,0.0232
1113.0,0.0,1113.0,0.0579
1114.0,0.0,1114.0,0.0463
1115.0,0.0,1115.0,0.0579
1116.0,0.0,1116.0,0.0348
1117.0,0.0,1117.0,0.0232
1118.0,0.0,1118.0,0.0348
1119.0,0.0,1119.0,0.0232
1120.0,0.521,1120.0,0.0348
1121.0,0.0,1121.0,0.0232
1122.0,0.0,1122.0,0.0463
1123.0,0.0,1123.0,0.0116
1124.0,0.0,1124.0,0.0
1125.0,0.0,1125.0,0.0232
1126.0,0.0,1126.0,0.0232
1127.0,0.0,1127.0,0.0
1128.0,0.0,1128.0,0.0463
1129.0,0.0,1129.0,0.0463
1130.0,0.0,1130.0,0.0463
1131.0,0.0,1131.0,0.0579
1132.0,0.0,1132.0,0.0579
1133.0,0.0,1133.0,0.0579
1134.0,0.0,1134.0,0.0463
1135.0,0.0,1135.0,0.0463
1136.0,0.0,1136.0,0.0348
1137.0,0.0,1137.0,0.0348
1138.0,0.0,1138.0,0.0463
1139.0,0.0,1139.0,0.0463
1140.0,0.521,1140.0,0.0463
1141.0,0.0,1141.0,0.0
1142.0,0.0,1142.0,0.0
1143.0,0.0,1143.0,0.0463
1144.0,0.0,1144.0,0.0
1145.0,0.0,1145.0,0.0463
1146.0,0.0,1146.0,0.0463
1147.0,0.0,1147.0,0.0579
1148.0,0.0,1148.0,0.0463
1149.0,0.0,1149.0,0.0579
1150.0,0.0,1150.0,0.0348
1151.0,0.0,1151.0,0.0463
1152.0,0.0,1152.0,0.0348
1153.0,0.0,1153.0,0.0348
1154.0,0.0,1154.0,0.0463
1155.0,0.0,1155.0,0.0348
1156.0,0.521,1156.0,0.0579
1157.0,0.0,1157.0,0.0116
1158.0,0.0,1158.0,0.0
1159.0,0.0,1159.0,0.0
1160.0,0.0,1160.0,0.0
1161.0,0.0,1161.0,0.0
1162.0,0.0,1162.0,0.0348
1163.0,0.0,1163.0,0.0116
1164.0,0.0,1164.0,0.0
1165.0,0.521,1165.0,0.0579
1166.0,0.0,1166.0,0.0463
1167.0,0.0,1167.0,0.0463
1168.0,0.0,1168.0,0.0463
1169.0,0.0,1169.0,0.0579
1170.0,0.0,1170.0,0.0463
1171.0,0.0,1171.0,0.0463
1172.0,0.0,1172.0,0.0463
1173.0,0.0,1173.0,0.0232
1174.0,0.0,1174.0,0.0116
1175.0,0.0,1175.0,0.0463
1176.0,0.0,1176.0,0.0
1177.0,0.0,1177.0,0.0
1178.0,0.0,1178.0,0.0
1179.0,0.0,1179.0,0.0463
1180.0,0.0,1180.0,0.0348
1181.0,0.521,1181.0,0.0463
1182.0,0.0,1182.0,0.0463
1183.0,0.0,1183.0,0.0579
1184.0,0.0,1184.0,0.0463
1185.0,0.0,1185.0,0.0463
1186.0,0.0,1186.0,0.0463
1187.0,0.0,1187.0,0.0116
1188.0,0.0,1188.0,0.0348
1189.0,0.0,1189.0,0.0232
1190.0,0.0,1190.0,0.0232
1191.0,0.0,1191.0,0.0
1192.0,0.0,1192.0,0.0
1193.0,0.0,1193.0,0.0
1194.0,0.0,1194.0,0.0348
1195.0,0.0,1195.0,0.0116
1196.0,0.0,1196.0,0.0579
1197.0,0.0,1197.0,0.0579
1198.0,0.0,1198.0,0.0463
1199.0,0.0,1199.0,0.0463
1200.0,0.521,1200.0,0.0579
1201.0,0.0,1201.0,0.0463
1202.0,0.0,1202.0,0.0348
1203.0,0.0,1203.0,0.0348
1204.0,0.0,1204.0,0.0348
1205.0,0.0,1205.0,0.0232
1206.0,0.0,1206.0,0.0116
1207.0,0.0,1207.0,0.0116
1208.0,0.0,1208.0,0.0116
1209.0,0.0,1209.0,0.0
1210.0,0.0,1210.0,0.0232
1211.0,0.0,1211.0,0.0232
1212.0,0.0,1212.0,0.0
1213.0,0.0,1213.0,0.0579
1214.0,0.0,1214.0,0.0348
1215.0,0.0,1215.0,0.0232
1216.0,0.0,1216.0,0.0463
1217.0,0.0,1217.0,0.0463
1218.0,0.0,1218.0,0.0579
1219.0,0.0,1219.0,0.0348
1220.0,0.0,1220.0,0.0232
1221.0,0.0,1221.0,0.0232
1222.0,0.0,1222.0,0.0232
1223.0,0.521,1223.0,0.0348
1224.0,0.0,1224.0,0.0232
1225.0,0.0,1225.0,0.0
1226.0,0.0,1226.0,0.0
1227.0,0.0,1227.0,0.0
1228.0,0.0,1228.0,0.0
1229.0,0.0,1229.0,0.0
1230.0,0.0,1230.0,0.0348
1231.0,0.0,1231.0,0.0116
1232.0,0.0,1232.0,0.0
1233.0,0.0,1233.0,0.0
1234.0,0.0,1234.0,0.0695
1235.0,0.0,1235.0,0.0463
1236.0,0.0,1236.0,0.0463
1237.0,0.0,1237.0,0.0348
1238.0,0.0,1238.0,0.0348
1239.0,0.0,1239.0,0.0695
1240.0,0.0,1240.0,0.0579
1241.0,0.0,1241.0,0.0463
1242.0,0.0,1242.0,0.0463
1243.0,0.0,1243.0,0.0348
1244.0,0.521,1244.0,0.0
1245.0,0.0,1245.0,0.0
1246.0,0.0,1246.0,0.0
1247.0,0.0,1247.0,0.0348
1248.0,0.0,1248.0,0.0116
1249.0,0.0,1249.0,0.0
1250.0,0.0,1250.0,0.0
1251.0,0.0,1251.0,0.0116
1252.0,0.0,1252.0,0.0463
1253.0,0.0,1253.0,0.0348
1254.0,0.0,1254.0,0.0579
1255.0,0.0,1255.0,0.0463
1256.0,0.0,1256.0,0.0348
1257.0,0.0,1257.0,0.0463
1258.0,0.521,1258.0,0.0579
1259.0,0.0,1259.0,0.0579
1260.0,0.0,1260.0,0.0579
1261.0,0.0,1261.0,0.0695
1262.0,0.0,1262.0,0.0579
1263.0,0.0,1263.0,0.0579
1264.0,0.0,1264.0,0.0463
1265.0,0.0,1265.0,0.0463
1266.0,0.0,1266.0,0.0579
1267.0,0.0,1267.0,0.0232
1268.0,0.0,1268.0,0.0
1269.0,0.521,1269.0,0.0
1270.0,0.0,1270.0,0.0348
1271.0,0.0,1271.0,0.0116
1272.0,0.0,1272.0,0.0
1273.0,0.0,1273.0,0.0463
1274.0,0.0,1274.0,0.0463
1275.0,0.0,1275.0,0.0579
1276.0,0.0,1276.0,0.0463
1277.0,0.0,1277.0,0.0463
1278.0,0.0,1278.0,0.0579
1279.0,0.0,1279.0,0.0463
1280.0,0.0,1280.0,0.0579
1281.0,0.0,1281.0,0.0463
1282.0,0.0,1282.0,0.0463
1283.0,0.521,1283.0,0.0579
1284.0,0.0,1284.0,0.0695
1285.0,0.0,1285.0,0.0348
1286.0,0.0,1286.0,0.0463
1287.0,0.0,1287.0,0.0
1288.0,0.0,1288.0,0.0348
1289.0,0.0,1289.0,0.0116
1290.0,0.0,1290.0,0.0
1291.0,0.0,1291.0,0.0579
1292.0,0.0,1292.0,0.0463
1293.0,0.0,1293.0,0.0579
1294.0,0.0,1294.0,0.0579
1295.0,0.0,1295.0,0.0695
1296.0,0.0,1296.0,0.0579
1297.0,0.0,1297.0,0.0579
1298.0,0.521,1298.0,0.0579
1299.0,0.0,1299.0,0.0463
1300.0,0.0,1300.0,0.0463
1301.0,0.0,1301.0,0.0
1302.0,0.0,1302.0,0.0
1303.0,0.0,1303.0,0.0
1304.0,0.0,1304.0,0.0463
1305.0,0.0,1305.0,0.0
1306.0,0.0,1306.0,0.0348
1307.0,0.0,1307.0,0.0463
1308.0,0.0,1308.0,0.0579
1309.0,0.0,1309.0,0.0463
1310.0,0.0,1310.0,0.0579
1311.0,0.521,1311.0,0.0695
1312.0,0.0,1312.0,0.0463
1313.0,0.0,1313.0,0.0579
1314.0,0.0,1314.0,0.0463
1315.0,0.0,1315.0,0.0695
1316.0,0.0,1316.0,0.0116
1317.0,0.0,1317.0,0.0
1318.0,0.0,1318.0,0.0
1319.0,0.0,1319.0,0.0
1320.0,0.521,1320.0,0.0463
1321.0,0.0,1321.0,0.0
1322.0,0.0,1322.0,0.0232
1323.0,0.0,1323.0,0.0579
1324.0,0.0,1324.0,0.0463
1325.0,0.0,1325.0,0.0463
1326.0,0.0,1326.0,0.0348
1327.0,0.0,1327.0,0.0463
1328.0,0.0,1328.0,0.0463
1329.0,0.0,1329.0,0.0579
1330.0,0.0,1330.0,0.0579
1331.0,0.0,1331.0,0.0579
1332.0,0.0,1332.0,0.0579
1333.0,0.0,1333.0,0.0695
1334.0,0.0,1334.0,0.0463
1335.0,0.0,1335.0,0.0348
1336.0,0.0,1336.0,0.0232
1337.0,0.0,1337.0,0.0
1338.0,0.521,1338.0,0.0
1339.0,0.0,1339.0,0.0463
1340.0,0.0,1340.0,0.0463
1341.0,0.0,1341.0,0.0463
1342.0,0.0,1342.0,0.0463
1343.0,0.0,1343.0,0.0579
1344.0,0.0,1344.0,0.0348
1345.0,0.0,1345.0,0.0232
1346.0,0.0,1346.0,0.0579
1347.0,0.0,1347.0,0.0232
1348.0,0.0,1348.0,0.0116
1349.0,0.0,1349.0,0.0232
1350.0,0.521,1350.0,0.0463
1351.0,0.0,1351.0,0.0
1352.0,0.0,1352.0,0.0
1353.0,0.0,1353.0,0.0
1354.0,0.0,1354.0,0.0232
1355.0,0.0,1355.0,0.0232
1356.0,0.0,1356.0,0.0
1357.0,0.0,1357.0,0.0579
1358.0,0.0,1358.0,0.0579
1359.0,0.0,1359.0,0.0579
1360.0,0.0,1360.0,0.0695
1361.0,0.0,1361.0,0.0579
1362.0,0.0,1362.0,0.0463
1363.0,0.0,1363.0,0.0463
1364.0,0.521,1364.0,0.0232
1365.0,0.0,1365.0,0.0463
1366.0,0.0,1366.0,0.0232
1367.0,0.0,1367.0,0.0463
1368.0,0.0,1368.0,0.0463
1369.0,0.0,1369.0,0.0348
1370.0,0.0,1370.0,0.0232
1371.0,0.0,1371.0,0.0695
1372.0,0.0,1372.0,0.0811
1373.0,0.0,1373.0,0.0695
1374.0,0.0,1374.0,0.104
1375.0,0.0,1375.0,0.0927
1376.0,0.521,1376.0,0.0695
1377.0,0.0,1377.0,0.0579
1378.0,0.0,1378.0,0.0695
1379.0,0.0,1379.0,0.0695
1380.0,0.0,1380.0,0.0579
1381.0,0.0,1381.0,0.0463
1382.0,0.0,1382.0,0.0
1383.0,0.521,1383.0,0.0348
1384.0,0.0,1384.0,0.0116
1385.0,0.0,1385.0,0.0463
1386.0,0.0,1386.0,0.0811
1387.0,0.0,1387.0,0.0579
1388.0,0.0,1388.0,0.0579
1389.0,0.0,1389.0,0.0811
1390.0,0.0,1390.0,0.0811
1391.0,0.0,1391.0,0.0927
1392.0,0.0,1392.0,0.0579
1393.0,0.0,1393.0,0.0811
1394.0,0.0,1394.0,0.0695
1395.0,0.521,1395.0,0.0579
1396.0,0.0,1396.0,0.0695
1397.0,0.0,1397.0,0.0
1398.0,0.0,1398.0,0.0116
1399.0,0.0,1399.0,0.0348
1400.0,0.0,1400.0,0.0348
1401.0,0.521,1401.0,0.0579
1402.0,0.0,1402.0,0.0695
1403.0,0.0,1403.0,0.0579
1404.0,0.0,1404.0,0.0811
1405.0,0.0,1405.0,0.0695
1406.0,0.0,1406.0,0.0811
1407.0,0.0,1407.0,0.0232
1408.0,0.0,1408.0,0.0579
1409.0,0.0,1409.0,0.0579
1410.0,0.0,1410.0,0.0695
1411.0,0.0,1411.0,0.0348
1412.0,0.521,1412.0,0.0
1413.0,0.0,1413.0,0.0348
1414.0,0.0,1414.0,0.0116
1415.0,0.0,1415.0,0.0579
1416.0,0.0,1416.0,0.0695
1417.0,0.0,1417.0,0.0579
1418.0,0.0,1418.0,0.0695
1419.0,0.0,1419.0,0.0695
1420.0,0.0,1420.0,0.0348
1421.0,0.0,1421.0,0.0463
1422.0,0.0,1422.0,0.0695
1423.0,0.0,1423.0,0.0348
1424.0,0.521,1424.0,0.0927
1425.0,0.0,1425.0,0.0348
1426.0,0.0,1426.0,0.0232
1427.0,0.0,1427.0,0.0232
1428.0,0.0,1428.0,0.0232
1429.0,0.0,1429.0,0.0579
1430.0,0.0,1430.0,0.0579
1431.0,0.0,1431.0,0.0695
1432.0,0.0,1432.0,0.0811
1433.0,0.521,1433.0,0.0463
1434.0,0.0,1434.0,0.0463
1435.0,0.0,1435.0,0.0463
1436.0,0.0,1436.0,0.0348
1437.0,0.0,1437.0,0.0579
1438.0,0.0,1438.0,0.0695
1439.0,0.0,1439.0,0.0232
1440.0,0.0,1440.0,0.0348
1441.0,0.0,1441.0,0.0116
1442.0,0.0,1442.0,0.0579
1443.0,0.521,1443.0,0.0695
1444.0,0.0,1444.0,0.0927
1445.0,0.0,1445.0,0.0927
1446.0,0.0,1446.0,0.0811
1447.0,0.0,1447.0,0.0463
1448.0,0.0,1448.0,0.0463
1449.0,0.0,1449.0,0.0695
1450.0,0.0,1450.0,0.0348
1451.0,0.0,1451.0,0.0695
1452.0,0.0,1452.0,0.0348
1453.0,0.521,1453.0,0.0579
1454.0,0.0,1454.0,0.0116
1455.0,0.0,1455.0,0.0116
1456.0,0.0,1456.0,0.0348
1457.0,0.0,1457.0,0.0348
1458.0,0.0,1458.0,0.0695
1459.0,0.0,1459.0,0.0811
1460.0,0.0,1460.0,0.0811
1461.0,0.0,1461.0,0.0811
1462.0,0.0,1462.0,0.0695
1463.0,0.0,1463.0,0.104
1464.0,0.521,1464.0,0.0463
1465.0,0.0,1465.0,0.0695
1466.0,0.0,1466.0,0.0811
1467.0,0.0,1467.0,0.0811
1468.0,0.0,1468.0,0.0116
1469.0,0.0,1469.0,0.0
1470.0,0.521,1470.0,0.0348
1471.0,0.0,1471.0,0.0116
1472.0,0.0,1472.0,0.0579
1473.0,0.0,1473.0,0.0811
1474.0,0.0,1474.0,0.0695
1475.0,0.0,1475.0,0.0695
1476.0,0.0,1476.0,0.0927
1477.0,0.0,1477.0,0.0811
1478.0,0.0,1478.0,0.0579
1479.0,0.0,1479.0,0.104
1480.0,0.521,1480.0,0.0579
1481.0,0.0,1481.0,0.0811
1482.0,0.0,1482.0,0.0579
1483.0,0.0,1483.0,0.0232
1484.0,0.0,1484.0,0.0
1485.0,0.0,1485.0,0.0
1486.0,0.0,1486.0,0.0463
1487.0,0.0,1487.0,0.0695
1488.0,0.0,1488.0,0.0695
1489.0,0.0,1489.0,0.0811
1490.0,0.0,1490.0,0.0811
1491.0,0.0,1491.0,0.0695
1492.0,0.521,1492.0,0.0695
1493.0,0.0,1493.0,0.0811
1494.0,0.0,1494.0,0.0811
1495.0,0.0,1495.0,0.116
1496.0,0.0,1496.0,0.0695
1497.0,0.0,1497.0,0.0463
1498.0,0.521,1498.0,0.0
1499.0,0.0,1499.0,0.0
1500.0,0.0,1500.0,0.0463
1501.0,0.0,1501.0,0.0348
1502.0,0.0,1502.0,0.0811
1503.0,0.0,1503.0,0.0811
1504.0,0.0,1504.0,0.0927
1505.0,0.0,1505.0,0.0811
1506.0,0.0,1506.0,0.0463
1507.0,0.0,1507.0,0.0695
1508.0,0.521,1508.0,0.0927
1509.0,0.0,1509.0,0.0811
1510.0,0.0,1510.0,0.0811
1511.0,0.0,1511.0,0.0811
1512.0,0.0,1512.0,0.0232
1513.0,0.0,1513.0,0.0
1514.0,0.521,1514.0,0.0348
1515.0,0.0,1515.0,0.0463
1516.0,0.0,1516.0,0.0927
1517.0,0.0,1517.0,0.0811
1518.0,0.0,1518.0,0.0811
1519.0,0.0,1519.0,0.0811
1520.0,0.0,1520.0,0.0695
1521.0,0.0,1521.0,0.0695
1522.0,0.0,1522.0,0.0811
1523.0,0.0,1523.0,0.0463
1524.0,0.521,1524.0,0.0579
1525.0,0.0,1525.0,0.0463
1526.0,0.0,1526.0,0.0695
1527.0,0.0,1527.0,0.0
1528.0,0.0,1528.0,0.0116
1529.0,0.0,1529.0,0.0348
1530.0,0.0,1530.0,0.0348
1531.0,0.0,1531.0,0.0927
1532.0,0.521,1532.0,0.104
1533.0,0.0,1533.0,0.0811
1534.0,0.0,1534.0,0.0695
1535.0,0.0,1535.0,0.0695
1536.0,0.0,1536.0,0.0927
1537.0,0.0,1537.0,0.0579
1538.0,0.0,1538.0,0.0695
1539.0,0.0,1539.0,0.0579
1540.0,0.0,1540.0,0.0579
1541.0,0.521,1541.0,0.0811
1542.0,0.0,1542.0,0.0
1543.0,0.0,1543.0,0.0
1544.0,0.0,1544.0,0.0463
1545.0,0.0,1545.0,0.0
1546.0,0.0,1546.0,0.104
1547.0,0.0,1547.0,0.0927
1548.0,0.0,1548.0,0.0811
1549.0,0.0,1549.0,0.0811
1550.0,0.521,1550.0,0.0695
1551.0,0.0,1551.0,0.104
1552.0,0.0,1552.0,0.0579
1553.0,0.0,1553.0,0.0463
1554.0,0.0,1554.0,0.0927
1555.0,0.0,1555.0,0.0579
1556.0,0.0,1556.0,0.0463
1557.0,0.0,1557.0,0.0695
1558.0,0.0,1558.0,0.0463
1559.0,0.521,1559.0,0.0
1560.0,0.0,1560.0,0.0
1561.0,0.0,1561.0,0.0463
1562.0,0.0,1562.0,0.0695
1563.0,0.0,1563.0,0.0927
1564.0,0.0,1564.0,0.0811
1565.0,0.0,1565.0,0.0811
1566.0,0.0,1566.0,0.0695
1567.0,0.0,1567.0,0.0695
1568.0,0.0,1568.0,0.0579
1569.0,0.521,1569.0,0.0579
1570.0,0.0,1570.0,0.0695
1571.0,0.0,1571.0,0.0579
1572.0,0.0,1572.0,0.0463
1573.0,0.0,1573.0,0.0
1574.0,0.0,1574.0,0.0116
1575.0,0.521,1575.0,0.0348
1576.0,0.0,1576.0,0.0116
1577.0,0.0,1577.0,0.116
1578.0,0.0,1578.0,0.104
1579.0,0.0,1579.0,0.104
1580.0,0.0,1580.0,0.0927
1581.0,0.0,1581.0,0.0695
1582.0,0.0,1582.0,0.116
1583.0,0.0,1583.0,0.0927
1584.0,0.0,1584.0,0.0695
1585.0,0.521,1585.0,0.104
1586.0,0.0,1586.0,0.0811
1587.0,0.0,1587.0,0.0811
1588.0,0.0,1588.0,0.0927
1589.0,0.0,1589.0,0.0116
1590.0,0.521,1590.0,0.0463
1591.0,0.0,1591.0,0.0927
1592.0,0.0,1592.0,0.0927
1593.0,0.0,1593.0,0.0811
1594.0,0.0,1594.0,0.0927
1595.0,0.0,1595.0,0.0695
1596.0,0.0,1596.0,0.0927
1597.0,0.0,1597.0,0.0463
1598.0,0.521,1598.0,0.0811
1599.0,0.0,1599.0,0.0579
1600.0,0.0,1600.0,0.0695
1601.0,0.0,1601.0,0.0927
1602.0,0.0,1602.0,0.0
1603.0,0.521,1603.0,0.0348
1604.0,0.0,1604.0,0.0116
1605.0,0.0,1605.0,0.0811
1606.0,0.0,1606.0,0.0695
1607.0,0.0,1607.0,0.0811
1608.0,0.0,1608.0,0.0811
1609.0,0.0,1609.0,0.0811
1610.0,0.0,1610.0,0.0811
1611.0,0.0,1611.0,0.0579
1612.0,0.0,1612.0,0.0695
1613.0,0.0,1613.0,0.0811
1614.0,0.521,1614.0,0.0695
1615.0,0.0,1615.0,0.0579
1616.0,0.0,1616.0,0.0
1617.0,0.0,1617.0,0.0
1618.0,0.0,1618.0,0.0463
1619.0,0.0,1619.0,0.0348
1620.0,0.0,1620.0,0.0695
1621.0,0.0,1621.0,0.0695
1622.0,0.521,1622.0,0.0695
1623.0,0.0,1623.0,0.0579
1624.0,0.0,1624.0,0.0579
1625.0,0.0,1625.0,0.0811
1626.0,0.0,1626.0,0.0695
1627.0,0.0,1627.0,0.0811
1628.0,0.0,1628.0,0.0811
1629.0,0.0,1629.0,0.0811
1630.0,0.0,1630.0,0.0695
1631.0,0.521,1631.0,0.0116
1632.0,0.0,1632.0,0.0348
1633.0,0.0,1633.0,0.0579
1634.0,0.0,1634.0,0.0811
1635.0,0.0,1635.0,0.0695
1636.0,0.0,1636.0,0.0579
1637.0,0.0,1637.0,0.0811
1638.0,0.0,1638.0,0.0579
1639.0,0.0,1639.0,0.0579
1640.0,0.521,1640.0,0.0695
1641.0,0.0,1641.0,0.0463
1642.0,0.0,1642.0,0.0927
1643.0,0.0,1643.0,0.0463
1644.0,0.0,1644.0,0.0348
1645.0,0.0,1645.0,0.0232
1646.0,0.0,1646.0,0.0811
1647.0,0.521,1647.0,0.0695
1648.0,0.0,1648.0,0.0695
1649.0,0.0,1649.0,0.0695
1650.0,0.0,1650.0,0.0579
1651.0,0.0,1651.0,0.0463
1652.0,0.0,1652.0,0.0579
1653.0,0.0,1653.0,0.0463
1654.0,0.0,1654.0,0.0579
1655.0,0.0,1655.0,0.0463
1656.0,0.521,1656.0,0.0811
1657.0,0.0,1657.0,0.0232
1658.0,0.0,1658.0,0.0348
1659.0,0.0,1659.0,0.0695
1660.0,0.0,1660.0,0.0811
1661.0,0.0,1661.0,0.0811
1662.0,0.0,1662.0,0.0695
1663.0,0.0,1663.0,0.0463
1664.0,0.0,1664.0,0.0463
1665.0,0.0,1665.0,0.0579
1666.0,0.521,1666.0,0.0463
1667.0,0.0,1667.0,0.0579
1668.0,0.0,1668.0,0.0348
1669.0,0.0,1669.0,0.0463
1670.0,0.0,1670.0,0.0579
1671.0,0.0,1671.0,0.0348
1672.0,0.0,1672.0,0.0348
1673.0,0.0,1673.0,0.0695
1674.0,0.0,1674.0,0.0695
1675.0,0.521,1675.0,0.0463
1676.0,0.0,1676.0,0.0463
1677.0,0.0,1677.0,0.0579
1678.0,0.0,1678.0,0.0579
1679.0,0.0,1679.0,0.0348
1680.0,0.0,1680.0,0.0579
1681.0,0.0,1681.0,0.0579
1682.0,0.0,1682.0,0.0463
1683.0,0.0,1683.0,0.0579
1684.0,0.0,1684.0,0.0463
1685.0,0.521,1685.0,0.0463
1686.0,0.0,1686.0,0.0579
1687.0,0.0,1687.0,0.0695
1688.0,0.0,1688.0,0.0695
1689.0,0.0,1689.0,0.0579
1690.0,0.0,1690.0,0.0579
1691.0,0.0,1691.0,0.0579
1692.0,0.0,1692.0,0.0463
1693.0,0.0,1693.0,0.0579
1694.0,0.0,1694.0,0.0579
1695.0,0.0,1695.0,0.0463
1696.0,0.521,1696.0,0.0579
1697.0,0.0,1697.0,0.0811
1698.0,0.0,1698.0,0.0348
1699.0,0.0,1699.0,0.0695
1700.0,0.0,1700.0,0.0811
1701.0,0.0,1701.0,0.0579
1702.0,0.0,1702.0,0.0695
1703.0,0.521,1703.0,0.0579
1704.0,0.0,1704.0,0.0463
1705.0,0.0,1705.0,0.0463
1706.0,0.0,1706.0,0.0579
1707.0,0.0,1707.0,0.0463
1708.0,0.0,1708.0,0.0695
1709.0,0.0,1709.0,0.0463
1710.0,0.0,1710.0,0.0579
1711.0,0.0,1711.0,0.0232
1712.0,0.521,1712.0,0.0695
1713.0,0.0,1713.0,0.0695
1714.0,0.0,1714.0,0.0463
1715.0,0.0,1715.0,0.0579
1716.0,0.0,1716.0,0.0695
1717.0,0.0,1717.0,0.0463
1718.0,0.0,1718.0,0.0579
1719.0,0.0,1719.0,0.0463
1720.0,0.0,1720.0,0.0579
1721.0,0.0,1721.0,0.0463
1722.0,0.0,1722.0,0.0463
1723.0,0.521,1723.0,0.0695
1724.0,0.0,1724.0,0.0116
1725.0,0.0,1725.0,0.0579
1726.0,0.0,1726.0,0.0695
1727.0,0.0,1727.0,0.0579
1728.0,0.0,1728.0,0.0579
1729.0,0.0,1729.0,0.0579
1730.0,0.0,1730.0,0.0579
1731.0,0.0,1731.0,0.0463
1732.0,0.0,1732.0,0.0463
1733.0,0.521,1733.0,0.0579
1734.0,0.0,1734.0,0.0463
1735.0,0.0,1735.0,0.0579
1736.0,0.0,1736.0,0.0463
1737.0,0.0,1737.0,0.0232
1738.0,0.0,1738.0,0.0579
1739.0,0.0,1739.0,0.0579
1740.0,0.0,1740.0,0.0579
1741.0,0.0,1741.0,0.0579
1742.0,0.521,1742.0,0.0695
1743.0,0.0,1743.0,0.0348
1744.0,0.0,1744.0,0.0695
1745.0,0.0,1745.0,0.0232
1746.0,0.0,1746.0,0.0695
1747.0,0.0,1747.0,0.0463
1748.0,0.0,1748.0,0.0348
1749.0,0.0,1749.0,0.0463
1750.0,0.0,1750.0,0.0116
1751.0,0.0,1751.0,0.0695
1752.0,0.521,1752.0,0.0463
1753.0,0.0,1753.0,0.0579
1754.0,0.0,1754.0,0.0579
1755.0,0.0,1755.0,0.0579
1756.0,0.0,1756.0,0.0463
1757.0,0.0,1757.0,0.0463
1758.0,0.0,1758.0,0.0348
1759.0,0.0,1759.0,0.0579
1760.0,0.0,1760.0,0.0579
1761.0,0.0,1761.0,0.0579
1762.0,0.521,1762.0,0.0348
1763.0,0.0,1763.0,0.0579
1764.0,0.0,1764.0,0.0811
1765.0,0.0,1765.0,0.0811
1766.0,0.0,1766.0,0.0695
1767.0,0.0,1767.0,0.0695
1768.0,0.0,1768.0,0.0579
1769.0,0.0,1769.0,0.0463
1770.0,0.0,1770.0,0.0695
1771.0,0.521,1771.0,0.0348
1772.0,0.0,1772.0,0.0579
1773.0,0.0,1773.0,0.0579
1774.0,0.0,1774.0,0.0463
1775.0,0.0,1775.0,0.0463
1776.0,0.0,1776.0,0.0463
1777.0,0.0,1777.0,0.0927
1778.0,0.0,1778.0,0.0927
1779.0,0.521,1779.0,0.0695
1780.0,0.0,1780.0,0.0579
1781.0,0.0,1781.0,0.0579
1782.0,0.0,1782.0,0.0463
1783.0,0.0,1783.0,0.0579
1784.0,0.0,1784.0,0.0463
1785.0,0.0,1785.0,0.0579
1786.0,0.0,1786.0,0.0463
1787.0,0.0,1787.0,0.0695
1788.0,0.0,1788.0,0.0232
1789.0,0.521,1789.0,0.0463
1790.0,0.0,1790.0,0.0927
1791.0,0.0,1791.0,0.116
1792.0,0.0,1792.0,0.0927
1793.0,0.0,1793.0,0.0811
1794.0,0.0,1794.0,0.0579
1795.0,0.0,1795.0,0.0463
1796.0,0.0,1796.0,0.0579
1797.0,0.521,1797.0,0.0348
1798.0,0.0,1798.0,0.0579
1799.0,0.0,1799.0,0.0579
1800.0,0.0,1800.0,0.0463
1801.0,0.0,1801.0,0.0463
1802.0,0.0,1802.0,0.0348
1803.0,0.0,1803.0,0.104
1804.0,0.0,1804.0,0.116
1805.0,0.521,1805.0,0.104
1806.0,0.0,1806.0,0.0927
1807.0,0.0,1807.0,0.0695
1808.0,0.0,1808.0,0.0695
1809.0,0.0,1809.0,0.0463
1810.0,0.0,1810.0,0.0695
1811.0,0.0,1811.0,0.0463
1812.0,0.0,1812.0,0.0695
1813.0,0.521,1813.0,0.0463
1814.0,0.0,1814.0,0.0579
1815.0,0.0,1815.0,0.0232
1816.0,0.0,1816.0,0.0695
1817.0,0.0,1817.0,0.104
1818.0,0.0,1818.0,0.0927
1819.0,0.0,1819.0,0.0811
1820.0,0.0,1820.0,0.0927
1821.0,0.521,1821.0,0.104
1822.0,0.0,1822.0,0.0579
1823.0,0.0,1823.0,0.0811
1824.0,0.0,1824.0,0.0811
1825.0,0.0,1825.0,0.0695
1826.0,0.0,1826.0,0.0811
1827.0,0.0,1827.0,0.0695
1828.0,0.521,1828.0,0.0116
1829.0,0.0,1829.0,0.0695
1830.0,0.0,1830.0,0.0927
1831.0,0.0,1831.0,0.0927
1832.0,0.0,1832.0,0.0811
1833.0,0.0,1833.0,0.104
1834.0,0.0,1834.0,0.0695
1835.0,0.521,1835.0,0.0927
1836.0,0.0,1836.0,0.0463
1837.0,0.0,1837.0,0.0927
1838.0,0.0,1838.0,0.0695
1839.0,0.0,1839.0,0.0811
1840.0,0.0,1840.0,0.0579
1841.0,0.521,1841.0,0.0232
1842.0,0.0,1842.0,0.0463
1843.0,0.0,1843.0,0.0927
1844.0,0.0,1844.0,0.0927
1845.0,0.0,1845.0,0.0695
1846.0,0.0,1846.0,0.0927
1847.0,0.0,1847.0,0.0811
1848.0,0.0,1848.0,0.0927
1849.0,0.521,1849.0,0.0811
1850.0,0.0,1850.0,0.0811
1851.0,0.0,1851.0,0.0811
1852.0,0.0,1852.0,0.104
1853.0,0.0,1853.0,0.0348
1854.0,0.521,1854.0,0.0463
1855.0,0.0,1855.0,0.0579
1856.0,0.0,1856.0,0.0811
1857.0,0.0,1857.0,0.104
1858.0,0.0,1858.0,0.116
1859.0,0.0,1859.0,0.0579
1860.0,0.0,1860.0,0.0927
1861.0,0.0,1861.0,0.0811
1862.0,0.521,1862.0,0.0811
1863.0,0.0,1863.0,0.0927
1864.0,0.0,1864.0,0.0695
1865.0,0.0,1865.0,0.0695
1866.0,0.0,1866.0,0.0579
1867.0,0.0,1867.0,0.0811
1868.0,0.521,1868.0,0.0116
1869.0,0.0,1869.0,0.0811
1870.0,0.0,1870.0,0.0927
1871.0,0.0,1871.0,0.104
1872.0,0.0,1872.0,0.0695
1873.0,0.0,1873.0,0.0811
1874.0,0.0,1874.0,0.0695
1875.0,0.0,1875.0,0.0695
1876.0,0.521,1876.0,0.0927
1877.0,0.0,1877.0,0.0811
1878.0,0.0,1878.0,0.0695
1879.0,0.0,1879.0,0.0927
1880.0,0.0,1880.0,0.0579
1881.0,0.521,1881.0,0.0463
1882.0,0.0,1882.0,0.0811
1883.0,0.0,1883.0,0.0811
1884.0,0.0,1884.0,0.0811
1885.0,0.0,1885.0,0.0695
1886.0,0.0,1886.0,0.0695
1887.0,0.0,1887.0,0.0811
1888.0,0.0,1888.0,0.0579
1889.0,0.0,1889.0,0.0811
1890.0,0.521,1890.0,0.0695
1891.0,0.0,1891.0,0.0811
1892.0,0.0,1892.0,0.0695
1893.0,0.0,1893.0,0.0463
1894.0,0.0,1894.0,0.0579
1895.0,0.0,1895.0,0.0927
1896.0,0.521,1896.0,0.104
1897.0,0.0,1897.0,0.0927
1898.0,0.0,1898.0,0.0579
1899.0,0.0,1899.0,0.0811
1900.0,0.0,1900.0,0.0695
1901.0,0.0,1901.0,0.0579
1902.0,0.0,1902.0,0.0579
1903.0,0.0,1903.0,0.0695
1904.0,0.521,1904.0,0.0579
1905.0,0.0,1905.0,0.0579
1906.0,0.0,1906.0,0.0348
1907.0,0.0,1907.0,0.0579
1908.0,0.0,1908.0,0.0695
1909.0,0.0,1909.0,0.0811
1910.0,0.0,1910.0,0.0811
1911.0,0.0,1911.0,0.0579
1912.0,0.0,1912.0,0.0811
1913.0,0.521,1913.0,0.0579
1914.0,0.0,1914.0,0.0811
1915.0,0.0,1915.0,0.0463
1916.0,0.0,1916.0,0.0811
1917.0,0.0,1917.0,0.0579
1918.0,0.0,1918.0,0.0579
1919.0,0.0,1919.0,0.0232
1920.0,0.521,1920.0,0.0695
1921.0,0.0,1921.0,0.0695
1922.0,0.0,1922.0,0.0811
1923.0,0.0,1923.0,0.0811
1924.0,0.0,1924.0,0.0695
1925.0,0.0,1925.0,0.0695
1926.0,0.0,1926.0,0.0811
1927.0,0.0,1927.0,0.0579
1928.0,0.0,1928.0,0.0695
1929.0,0.521,1929.0,0.0579
1930.0,0.0,1930.0,0.0811
1931.0,0.0,1931.0,0.0579
1932.0,0.0,1932.0,0.0232
1933.0,0.0,1933.0,0.0695
1934.0,0.0,1934.0,0.116
1935.0,0.521,1935.0,0.0811
1936.0,0.0,1936.0,0.0811
1937.0,0.0,1937.0,0.0811
1938.0,0.0,1938.0,0.0695
1939.0,0.0,1939.0,0.0695
1940.0,0.0,1940.0,0.0579
1941.0,0.0,1941.0,0.0579
1942.0,0.0,1942.0,0.0579
1943.0,0.521,1943.0,0.0579
1944.0,0.0,1944.0,0.0579
1945.0,0.0,1945.0,0.0695
1946.0,0.0,1946.0,0.0579
1947.0,0.0,1947.0,0.104
1948.0,0.0,1948.0,0.0579
1949.0,0.0,1949.0,0.0695
1950.0,0.0,1950.0,0.0811
1951.0,0.521,1951.0,0.0695
1952.0,0.0,1952.0,0.0695
1953.0,0.0,1953.0,0.0695
1954.0,0.0,1954.0,0.0463
1955.0,0.0,1955.0,0.0695
1956.0,0.0,1956.0,0.0463
1957.0,0.0,1957.0,0.0695
1958.0,0.0,1958.0,0.0116
1959.0,0.521,1959.0,0.0579
1960.0,0.0,1960.0,0.0927
1961.0,0.0,1961.0,0.0927
1962.0,0.0,1962.0,0.0811
1963.0,0.0,1963.0,0.0811
1964.0,0.0,1964.0,0.0695
1965.0,0.0,1965.0,0.0695
1966.0,0.0,1966.0,0.0695
1967.0,0.521,1967.0,0.0695
1968.0,0.0,1968.0,0.0579
1969.0,0.0,1969.0,0.0695
1970.0,0.0,1970.0,0.0579
1971.0,0.0,1971.0,0.0116
1972.0,0.0,1972.0,0.0463
1973.0,0.0,1973.0,0.0348
1974.0,0.0,1974.0,0.0811
1975.0,0.521,1975.0,0.0695
1976.0,0.0,1976.0,0.0695
1977.0,0.0,1977.0,0.0695
1978.0,0.0,1978.0,0.104
1979.0,0.0,1979.0,0.0579
1980.0,0.0,1980.0,0.104
1981.0,0.0,1981.0,0.0695
1982.0,0.0,1982.0,0.0811
1983.0,0.0,1983.0,0.0579
1984.0,0.521,1984.0,0.0811
1985.0,0.0,1985.0,0.0116
1986.0,0.0,1986.0,0.0232
1987.0,0.0,1987.0,0.0348
1988.0,0.0,1988.0,0.0463
1989.0,0.0,1989.0,0.0695
1990.0,0.0,1990.0,0.0811
1991.0,0.0,1991.0,0.0811
1992.0,0.521,1992.0,0.0579
1993.0,0.0,1993.0,0.0811
1994.0,0.0,1994.0,0.0695
1995.0,0.0,1995.0,0.0695
1996.0,0.0,1996.0,0.0579
1997.0,0.0,1997.0,0.0695
1998.0,0.0,1998.0,0.0695
1999.0,0.521,1999.0,0.0348
2000.0,0.0,2000.0,0.0348
2001.0,0.0,2001.0,0.0232
2002.0,0.0,2002.0,0.0695
2003.0,0.0,2003.0,0.0463
2004.0,0.0,2004.0,0.0695
2005.0,0.0,2005.0,0.0695
2006.0,0.0,2006.0,0.0579
2007.0,0.0,2007.0,0.0579
2008.0,0.0,2008.0,0.0811
2009.0,0.0,2009.0,0.0579
2010.0,0.521,2010.0,0.0579
2011.0,0.0,2011.0,0.0811
2012.0,0.0,2012.0,0.0927
2013.0,0.0,2013.0,0.0348
2014.0,0.0,2014.0,0.0579
2015.0,0.0,2015.0,0.0579
2016.0,0.521,2016.0,0.0579
2017.0,0.0,2017.0,0.0579
2018.0,0.0,2018.0,0.0695
2019.0,0.0,2019.0,0.0579
2020.0,0.0,2020.0,0.0463
2021.0,0.0,2021.0,0.0695
2022.0,0.0,2022.0,0.0463
2023.0,0.0,2023.0,0.0463
2024.0,0.0,2024.0,0.0463
2025.0,0.0,2025.0,0.0695
2026.0,0.0,2026.0,0.0232
2027.0,0.521,2027.0,0.0695
2028.0,0.0,2028.0,0.0695
2029.0,0.0,2029.0,0.0463
2030.0,0.0,2030.0,0.0695
2031.0,0.0,2031.0,0.0695
2032.0,0.0,2032.0,0.0579
2033.0,0.0,2033.0,0.0579
2034.0,0.0,2034.0,0.0579
2035.0,0.0,2035.0,0.0811
2036.0,0.521,2036.0,0.0695
2037.0,0.0,2037.0,0.0463
2038.0,0.0,2038.0,0.0579
2039.0,0.0,2039.0,0.0
2040.0,0.0,2040.0,0.0695
2041.0,0.0,2041.0,0.0695
2042.0,0.0,2042.0,0.0579
2043.0,0.0,2043.0,0.0695
2044.0,0.521,2044.0,0.0695
2045.0,0.0,2045.0,0.0811
2046.0,0.0,2046.0,0.0695
2047.0,0.0,2047.0,0.0579
2048.0,0.0,2048.0,0.0695
2049.0,0.0,2049.0,0.0579
2050.0,0.0,2050.0,0.0579
2051.0,0.0,2051.0,0.0695
2052.0,0.521,2052.0,0.0116
2053.0,0.0,2053.0,0.0463
2054.0,0.0,2054.0,0.0463
2055.0,0.0,2055.0,0.0695
2056.0,0.0,2056.0,0.0579
2057.0,0.0,2057.0,0.0695
2058.0,0.0,2058.0,0.0695
2059.0,0.0,2059.0,0.0579
2060.0,0.0,2060.0,0.0579
2061.0,0.0,2061.0,0.0579
2062.0,0.0,2062.0,0.0695
2063.0,0.521,2063.0,0.0579
2064.0,0.0,2064.0,0.0695
2065.0,0.0,2065.0,0.0579
2066.0,0.0,2066.0,0.0232
2067.0,0.0,2067.0,0.0463
2068.0,0.0,2068.0,0.0232
2069.0,0.0,2069.0,0.0695
2070.0,0.521,2070.0,0.0811
2071.0,0.0,2071.0,0.0579
2072.0,0.0,2072.0,0.0579
2073.0,0.0,2073.0,0.0811
2074.0,0.0,2074.0,0.0579
2075.0,0.0,2075.0,0.0579
2076.0,0.0,2076.0,0.0695
2077.0,0.0,2077.0,0.0463
2078.0,0.0,2078.0,0.0579
2079.0,0.0,2079.0,0.0579
2080.0,0.521,2080.0,0.0579
2081.0,0.0,2081.0,0.0579
2082.0,0.0,2082.0,0.0232
2083.0,0.0,2083.0,0.0348
2084.0,0.0,2084.0,0.0811
2085.0,0.0,2085.0,0.0927
2086.0,0.0,2086.0,0.0811
2087.0,0.0,2087.0,0.0695
2088.0,0.0,2088.0,0.0811
2089.0,0.521,2089.0,0.0695
2090.0,0.0,2090.0,0.0695
2091.0,0.0,2091.0,0.0695
2092.0,0.0,2092.0,0.0463
2093.0,0.0,2093.0,0.0579
2094.0,0.0,2094.0,0.0695
2095.0,0.0,2095.0,0.0463
2096.0,0.521,2096.0,0.0695
2097.0,0.0,2097.0,0.0348
2098.0,0.0,2098.0,0.0463
2099.0,0.0,2099.0,0.0811
2100.0,0.0,2100.0,0.0927
2101.0,0.0,2101.0,0.0695
2102.0,0.0,2102.0,0.0811
2103.0,0.0,2103.0,0.0579
2104.0,0.0,2104.0,0.0695
2105.0,0.0,2105.0,0.0695
2106.0,0.521,2106.0,0.0811
2107.0,0.0,2107.0,0.0695
2108.0,0.0,2108.0,0.0579
2109.0,0.0,2109.0,0.0811
2110.0,0.0,2110.0,0.0811
2111.0,0.521,2111.0,0.0348
2112.0,0.0,2112.0,0.0579
2113.0,0.0,2113.0,0.0811
2114.0,0.0,2114.0,0.104
2115.0,0.0,2115.0,0.0927
2116.0,0.0,2116.0,0.116
2117.0,0.0,2117.0,0.0695
2118.0,0.0,2118.0,0.104
2119.0,0.521,2119.0,0.0811
2120.0,0.0,2120.0,0.0811
2121.0,0.0,2121.0,0.0811
2122.0,0.0,2122.0,0.0927
2123.0,0.0,2123.0,0.0811
2124.0,0.521,2124.0,0.0232
2125.0,0.0,2125.0,0.116
2126.0,0.0,2126.0,0.127
2127.0,0.0,2127.0,0.151
2128.0,0.0,2128.0,0.116
2129.0,0.0,2129.0,0.104
2130.0,0.521,2130.0,0.104
2131.0,0.0,2131.0,0.0927
2132.0,0.0,2132.0,0.116
2133.0,0.0,2133.0,0.0695
2134.0,0.0,2134.0,0.0695
2135.0,0.521,2135.0,0.0811
2136.0,0.0,2136.0,0.0927
2137.0,0.0,2137.0,0.0348
2138.0,0.0,2138.0,0.0348
2139.0,0.0,2139.0,0.0463
2140.0,0.0,2140.0,0.139
2141.0,0.0,2141.0,0.127
2142.0,0.521,2142.0,0.151
2143.0,0.0,2143.0,0.127
2144.0,0.0,2144.0,0.116
2145.0,0.0,2145.0,0.127
2146.0,0.0,2146.0,0.139
2147.0,0.521,2147.0,0.127
2148.0,0.0,2148.0,0.116
2149.0,0.0,2149.0,0.104
2150.0,0.0,2150.0,0.127
2151.0,0.521,2151.0,0.0811
2152.0,0.0,2152.0,0.0
2153.0,0.0,2153.0,0.0463
2154.0,0.0,2154.0,0.0927
2155.0,0.0,2155.0,0.174
2156.0,0.521,2156.0,0.139
2157.0,0.0,2157.0,0.127
2158.0,0.0,2158.0,0.127
2159.0,0.0,2159.0,0.151
2160.0,0.0,2160.0,0.139
2161.0,0.0,2161.0,0.0927
2162.0,0.521,2162.0,0.116
2163.0,0.0,2163.0,0.116
2164.0,0.0,2164.0,0.116
2165.0,0.0,2165.0,0.0811
2166.0,0.521,2166.0,0.0927
2167.0,0.0,2167.0,0.0116
2168.0,0.0,2168.0,0.0463
2169.0,0.0,2169.0,0.0695
2170.0,0.0,2170.0,0.127
2171.0,0.0,2171.0,0.0927
2172.0,0.521,2172.0,0.151
2173.0,0.0,2173.0,0.104
2174.0,0.0,2174.0,0.0811
2175.0,0.0,2175.0,0.0927
2176.0,0.0,2176.0,0.104
2177.0,0.521,2177.0,0.0695
2178.0,0.0,2178.0,0.104
2179.0,0.0,2179.0,0.0811
2180.0,0.0,2180.0,0.0811
2181.0,0.0,2181.0,0.116
2182.0,0.521,2182.0,0.0463
2183.0,0.0,2183.0,0.0579
2184.0,0.0,2184.0,0.127
2185.0,0.0,2185.0,0.162
2186.0,0.0,2186.0,0.116
2187.0,0.0,2187.0,0.127
2188.0,0.521,2188.0,0.104
2189.0,0.0,2189.0,0.104
2190.0,0.0,2190.0,0.0927
2191.0,0.0,2191.0,0.0927
2192.0,0.0,2192.0,0.104
2193.0,0.521,2193.0,0.104
2194.0,0.0,2194.0,0.0695
2195.0,0.0,2195.0,0.0811
2196.0,0.521,2196.0,0.104
2197.0,0.0,2197.0,0.0116
2198.0,0.0,2198.0,0.0463
2199.0,0.0,2199.0,0.0811
2200.0,0.0,2200.0,0.151
2201.0,0.0,2201.0,0.127
2202.0,0.0,2202.0,0.116
2203.0,0.0,2203.0,0.104
2204.0,0.0,2204.0,0.0927
2205.0,0.521,2205.0,0.0811
2206.0,0.0,2206.0,0.104
2207.0,0.0,2207.0,0.116
2208.0,0.0,2208.0,0.104
2209.0,0.0,2209.0,0.0695
2210.0,0.0,2210.0,0.116
2211.0,0.521,2211.0,0.151
2212.0,0.0,2212.0,0.104
2213.0,0.521,2213.0,0.0695
2214.0,0.0,2214.0,0.0
2215.0,0.0,2215.0,0.0463
2216.0,0.0,2216.0,0.0927
2217.0,0.0,2217.0,0.127
2218.0,0.0,2218.0,0.139
2219.0,0.0,2219.0,0.127
2220.0,0.521,2220.0,0.0927
2221.0,0.0,2221.0,0.127
2222.0,0.0,2222.0,0.116
2223.0,0.0,2223.0,0.116
2224.0,0.0,2224.0,0.127
2225.0,0.0,2225.0,0.139
2226.0,0.0,2226.0,0.139
2227.0,0.521,2227.0,0.0811
2228.0,0.0,2228.0,0.0927
2229.0,0.521,2229.0,0.0116
2230.0,0.0,2230.0,0.0
2231.0,0.0,2231.0,0.0463
2232.0,0.0,2232.0,0.0
2233.0,0.0,2233.0,0.0811
2234.0,0.0,2234.0,0.104
2235.0,0.0,2235.0,0.104
2236.0,0.0,2236.0,0.127
2237.0,0.0,2237.0,0.151
2238.0,0.521,2238.0,0.151
2239.0,0.0,2239.0,0.185
2240.0,0.0,2240.0,0.127
2241.0,0.0,2241.0,0.151
2242.0,0.0,2242.0,0.104
2243.0,0.521,2243.0,0.127
2244.0,0.0,2244.0,0.139
2245.0,0.521,2245.0,0.116
2246.0,0.0,2246.0,0.0232
2247.0,0.0,2247.0,0.0
2248.0,0.0,2248.0,0.0348
2249.0,0.0,2249.0,0.0116
2250.0,0.0,2250.0,0.0
2251.0,0.0,2251.0,0.0232
2252.0,0.0,2252.0,0.104
2253.0,0.0,2253.0,0.104
2254.0,0.0,2254.0,0.0927
2255.0,0.0,2255.0,0.127
2256.0,0.0,2256.0,0.127
2257.0,0.521,2257.0,0.174
2258.0,0.0,2258.0,0.127
2259.0,0.0,2259.0,0.151
2260.0,0.521,2260.0,0.116
2261.0,0.0,2261.0,0.104
2262.0,0.0,2262.0,0.0927
2263.0,0.521,2263.0,0.127
2264.0,0.0,2264.0,0.0
2265.0,0.0,2265.0,0.0
2266.0,0.0,2266.0,0.0
2267.0,0.0,2267.0,0.0463
2268.0,0.0,2268.0,0.0
2269.0,0.0,2269.0,0.0
2270.0,0.0,2270.0,0.0
2271.0,0.0,2271.0,0.139
2272.0,0.0,2272.0,0.174
2273.0,0.0,2273.0,0.151
2274.0,0.0,2274.0,0.0927
2275.0,0.0,2275.0,0.116
2276.0,0.0,2276.0,0.0927
2277.0,0.0,2277.0,0.0811
2278.0,0.521,2278.0,0.0811
2279.0,0.0,2279.0,0.0811
2280.0,0.0,2280.0,0.0695
2281.0,0.0,2281.0,0.104
2282.0,0.521,2282.0,0.127
2283.0,0.521,2283.0,0.127
2284.0,0.0,2284.0,0.0232
2285.0,0.0,2285.0,0.0
2286.0,0.0,2286.0,0.0
2287.0,0.0,2287.0,0.0
2288.0,0.0,2288.0,0.0463
2289.0,0.0,2289.0,0.0
2290.0,0.0,2290.0,0.116
2291.0,0.0,2291.0,0.116
2292.0,0.0,2292.0,0.0811
2293.0,0.0,2293.0,0.0927
2294.0,0.0,2294.0,0.0811
2295.0,0.0,2295.0,0.0695
2296.0,0.0,2296.0,0.0927
2297.0,0.0,2297.0,0.0811
2298.0,0.0,2298.0,0.116
2299.0,0.521,2299.0,0.116
2300.0,0.0,2300.0,0.0695
2301.0,0.521,2301.0,0.0695
2302.0,0.0,2302.0,0.104
2303.0,0.0,2303.0,0.127
2304.0,0.521,2304.0,0.116
2305.0,0.0,2305.0,0.0
2306.0,0.0,2306.0,0.0
2307.0,0.0,2307.0,0.0
2308.0,0.0,2308.0,0.0463
2309.0,0.0,2309.0,0.0232
2310.0,0.0,2310.0,0.0811
2311.0,0.0,2311.0,0.0811
2312.0,0.0,2312.0,0.0695
2313.0,0.0,2313.0,0.0811
2314.0,0.0,2314.0,0.104
2315.0,0.0,2315.0,0.127
2316.0,0.0,2316.0,0.151
2317.0,0.521,2317.0,0.162
2318.0,0.0,2318.0,0.116
2319.0,0.0,2319.0,0.116
2320.0,0.0,2320.0,0.104
2321.0,0.521,2321.0,0.0927
2322.0,0.0,2322.0,0.0695
2323.0,0.0,2323.0,0.0579
2324.0,0.521,2324.0,0.0811
2325.0,0.0,2325.0,0.0116
2326.0,0.0,2326.0,0.0116
2327.0,0.0,2327.0,0.0348
2328.0,0.0,2328.0,0.0579
2329.0,0.0,2329.0,0.0927
2330.0,0.0,2330.0,0.0811
2331.0,0.0,2331.0,0.0927
2332.0,0.0,2332.0,0.0927
2333.0,0.0,2333.0,0.0927
2334.0,0.0,2334.0,0.127
2335.0,0.521,2335.0,0.116
2336.0,0.0,2336.0,0.0811
2337.0,0.0,2337.0,0.0927
2338.0,0.0,2338.0,0.127
2339.0,0.521,2339.0,0.104
2340.0,0.0,2340.0,0.0927
2341.0,0.0,2341.0,0.0695
2342.0,0.0,2342.0,0.0463
2343.0,0.521,2343.0,0.116
2344.0,0.0,2344.0,0.0
2345.0,0.0,2345.0,0.0463
2346.0,0.0,2346.0,0.0
2347.0,0.0,2347.0,0.0
2348.0,0.0,2348.0,0.0695
2349.0,0.0,2349.0,0.0811
2350.0,0.0,2350.0,0.0927
2351.0,0.0,2351.0,0.116
2352.0,0.0,2352.0,0.104
2353.0,0.0,2353.0,0.0927
2354.0,0.0,2354.0,0.104
2355.0,0.0,2355.0,0.116
2356.0,0.521,2356.0,0.127
2357.0,0.0,2357.0,0.104
2358.0,0.0,2358.0,0.0811
2359.0,0.521,2359.0,0.104
2360.0,0.0,2360.0,0.116
2361.0,0.0,2361.0,0.0232
2362.0,0.0,2362.0,0.0
2363.0,0.0,2363.0,0.0463
2364.0,0.0,2364.0,0.0
2365.0,0.0,2365.0,0.0116
2366.0,0.0,2366.0,0.0695
2367.0,0.0,2367.0,0.116
2368.0,0.0,2368.0,0.139
2369.0,0.0,2369.0,0.127
2370.0,0.521,2370.0,0.139
2371.0,0.0,2371.0,0.151
2372.0,0.521,2372.0,0.116
2373.0,0.0,2373.0,0.0695
2374.0,0.0,2374.0,0.0695
2375.0,0.0,2375.0,0.0695
2376.0,0.0,2376.0,0.0695
2377.0,0.521,2377.0,0.104
2378.0,0.0,2378.0,0.0348
2379.0,0.0,2379.0,0.0116
2380.0,0.0,2380.0,0.0348
2381.0,0.0,2381.0,0.0
2382.0,0.0,2382.0,0.0463
2383.0,0.0,2383.0,0.0811
2384.0,0.0,2384.0,0.0811
2385.0,0.0,2385.0,0.0927
2386.0,0.0,2386.0,0.104
2387.0,0.521,2387.0,0.162
2388.0,0.0,2388.0,0.174
2389.0,0.0,2389.0,0.116
2390.0,0.0,2390.0,0.104
2391.0,0.521,2391.0,0.116
2392.0,0.0,2392.0,0.127
2393.0,0.521,2393.0,0.104
2394.0,0.0,2394.0,0.0116
2395.0,0.0,2395.0,0.0348
2396.0,0.0,2396.0,0.0
2397.0,0.0,2397.0,0.0
2398.0,0.0,2398.0,0.0811
2399.0,0.0,2399.0,0.0811
2400.0,0.0,2400.0,0.0927
2401.0,0.0,2401.0,0.0695
2402.0,0.0,2402.0,0.0811
2403.0,0.0,2403.0,0.0811
2404.0,0.0,2404.0,0.0927
2405.0,0.0,2405.0,0.104
2406.0,0.0,2406.0,0.116
2407.0,0.521,2407.0,0.0811
2408.0,0.0,2408.0,0.0927
2409.0,0.0,2409.0,0.116
2410.0,0.521,2410.0,0.185
2411.0,0.0,2411.0,0.0232
2412.0,0.0,2412.0,0.0348
2413.0,0.0,2413.0,0.0811
2414.0,0.0,2414.0,0.0811
2415.0,0.0,2415.0,0.0927
2416.0,0.0,2416.0,0.0811
2417.0,0.0,2417.0,0.0695
2418.0,0.0,2418.0,0.0579
2419.0,0.0,2419.0,0.0927
2420.0,0.521,2420.0,0.0463
2421.0,0.0,2421.0,0.0348
2422.0,0.0,2422.0,0.0695
2423.0,0.0,2423.0,0.0695
2424.0,0.521,2424.0,0.0348
2425.0,0.0,2425.0,0.0811
2426.0,0.0,2426.0,0.0811
2427.0,0.0,2427.0,0.0348
2428.0,0.0,2428.0,0.0116
2429.0,0.0,2429.0,0.0348
2430.0,0.0,2430.0,0.0811
2431.0,0.0,2431.0,0.127
2432.0,0.0,2432.0,0.0695
2433.0,0.0,2433.0,0.0811
2434.0,0.0,2434.0,0.0811
2435.0,0.0,2435.0,0.0579
2436.0,0.521,2436.0,0.0927
2437.0,0.0,2437.0,0.0579
2438.0,0.0,2438.0,0.0579
2439.0,0.0,2439.0,0.0348
2440.0,0.0,2440.0,0.0463
2441.0,0.0,2441.0,0.0463
2442.0,0.521,2442.0,0.0695
2443.0,0.0,2443.0,0.0811
2444.0,0.0,2444.0,0.0348
2445.0,0.0,2445.0,0.0348
2446.0,0.0,2446.0,0.0579
2447.0,0.521,2447.0,0.0927
2448.0,0.0,2448.0,0.127
2449.0,0.0,2449.0,0.127
2450.0,0.0,2450.0,0.0695
2451.0,0.0,2451.0,0.0811
2452.0,0.0,2452.0,0.0348
2453.0,0.0,2453.0,0.0348
2454.0,0.0,2454.0,0.0348
2455.0,0.0,2455.0,0.0348
2456.0,0.0,2456.0,0.0348
2457.0,0.521,2457.0,0.0348
2458.0,0.0,2458.0,0.0116
2459.0,0.0,2459.0,0.0348
2460.0,0.0,2460.0,0.0232
2461.0,0.0,2461.0,0.0579
2462.0,0.0,2462.0,0.0463
2463.0,0.0,2463.0,0.0
2464.0,0.0,2464.0,0.139
2465.0,0.0,2465.0,0.116
2466.0,0.521,2466.0,0.116
2467.0,0.0,2467.0,0.0927
2468.0,0.0,2468.0,0.0579
2469.0,0.0,2469.0,0.0463
2470.0,0.0,2470.0,0.0463
2471.0,0.0,2471.0,0.0232
2472.0,0.0,2472.0,0.0116
2473.0,0.0,2473.0,0.0348
2474.0,0.0,2474.0,0.0348
2475.0,0.521,2475.0,0.0463
2476.0,0.0,2476.0,0.0232
2477.0,0.0,2477.0,0.0
2478.0,0.0,2478.0,0.0348
2479.0,0.0,2479.0,0.0232
2480.0,0.0,2480.0,0.0463
2481.0,0.0,2481.0,0.151
2482.0,0.0,2482.0,0.116
2483.0,0.0,2483.0,0.104
2484.0,0.0,2484.0,0.0811
2485.0,0.0,2485.0,0.0811
2486.0,0.0,2486.0,0.0811
2487.0,0.521,2487.0,0.0927
2488.0,0.0,2488.0,0.0927
2489.0,0.0,2489.0,0.0811
2490.0,0.0,2490.0,0.0927
2491.0,0.0,2491.0,0.0695
2492.0,0.0,2492.0,0.0463
2493.0,0.521,2493.0,0.0579
2494.0,0.0,2494.0,0.0811
2495.0,0.0,2495.0,0.0811
2496.0,0.0,2496.0,0.0695
2497.0,0.0,2497.0,0.0
2498.0,0.521,2498.0,0.0463
2499.0,0.0,2499.0,0.0
2500.0,0.0,2500.0,0.0695
2501.0,0.0,2501.0,0.127
2502.0,0.0,2502.0,0.0927
2503.0,0.0,2503.0,0.104
2504.0,0.0,2504.0,0.104
2505.0,0.0,2505.0,0.104
2506.0,0.0,2506.0,0.0927
2507.0,0.0,2507.0,0.104
2508.0,0.0,2508.0,0.0695
2509.0,0.0,2509.0,0.0695
2510.0,0.521,2510.0,0.0927
2511.0,0.0,2511.0,0.116
2512.0,0.521,2512.0,0.151
2513.0,0.0,2513.0,0.139
2514.0,0.0,2514.0,0.0
2515.0,0.0,2515.0,0.0
2516.0,0.0,2516.0,0.0463
2517.0,0.0,2517.0,0.0
2518.0,0.0,2518.0,0.0
2519.0,0.0,2519.0,0.104
2520.0,0.0,2520.0,0.139
2521.0,0.0,2521.0,0.104
2522.0,0.0,2522.0,0.0811
2523.0,0.0,2523.0,0.0811
2524.0,0.0,2524.0,0.0811
2525.0,0.0,2525.0,0.0695
2526.0,0.0,2526.0,0.0695
2527.0,0.0,2527.0,0.0695
2528.0,0.521,2528.0,0.0927
2529.0,0.0,2529.0,0.127
2530.0,0.521,2530.0,0.174
2531.0,0.521,2531.0,0.209
2532.0,0.0,2532.0,0.0348
2533.0,0.0,2533.0,0.0
2534.0,0.0,2534.0,0.0
2535.0,0.0,2535.0,0.0463
2536.0,0.0,2536.0,0.0116
2537.0,0.0,2537.0,0.104
2538.0,0.0,2538.0,0.116
2539.0,0.0,2539.0,0.127
2540.0,0.0,2540.0,0.104
2541.0,0.521,2541.0,0.0927
2542.0,0.0,2542.0,0.104
2543.0,0.0,2543.0,0.104
2544.0,0.0,2544.0,0.104
2545.0,0.0,2545.0,0.139
2546.0,0.521,2546.0,0.232
2547.0,0.0,2547.0,0.174
2548.0,0.521,2548.0,0.151
2549.0,0.0,2549.0,0.0348
2550.0,0.0,2550.0,0.0116
2551.0,0.0,2551.0,0.0348
2552.0,0.0,2552.0,0.0116
2553.0,0.0,2553.0,0.151
2554.0,0.0,2554.0,0.151
2555.0,0.521,2555.0,0.127
2556.0,0.0,2556.0,0.116
2557.0,0.0,2557.0,0.104
2558.0,0.0,2558.0,0.0811
2559.0,0.0,2559.0,0.0695
2560.0,0.0,2560.0,0.0811
2561.0,0.0,2561.0,0.127
2562.0,0.521,2562.0,0.162
2563.0,0.0,2563.0,0.162
2564.0,0.521,2564.0,0.151
2565.0,0.0,2565.0,0.0579
2566.0,0.0,2566.0,0.0
2567.0,0.0,2567.0,0.0348
2568.0,0.0,2568.0,0.0116
2569.0,0.0,2569.0,0.116
2570.0,0.521,2570.0,0.104
2571.0,0.0,2571.0,0.104
2572.0,0.0,2572.0,0.0927
2573.0,0.0,2573.0,0.104
2574.0,0.0,2574.0,0.0927
2575.0,0.0,2575.0,0.0927
2576.0,0.0,2576.0,0.0695
2577.0,0.0,2577.0,0.0811
2578.0,0.521,2578.0,0.0927
2579.0,0.0,2579.0,0.116
2580.0,0.0,2580.0,0.127
2581.0,0.521,2581.0,0.174
2582.0,0.0,2582.0,0.104
2583.0,0.0,2583.0,0.0
2584.0,0.0,2584.0,0.0463
2585.0,0.0,2585.0,0.0811
2586.0,0.0,2586.0,0.0927
2587.0,0.0,2587.0,0.0927
2588.0,0.0,2588.0,0.0811
2589.0,0.521,2589.0,0.0927
2590.0,0.0,2590.0,0.104
2591.0,0.0,2591.0,0.0695
2592.0,0.0,2592.0,0.0695
2593.0,0.0,2593.0,0.0927
2594.0,0.521,2594.0,0.104
2595.0,0.0,2595.0,0.116
2596.0,0.0,2596.0,0.151
2597.0,0.521,2597.0,0.0811
2598.0,0.0,2598.0,0.0
2599.0,0.0,2599.0,0.0463
2600.0,0.0,2600.0,0.104
2601.0,0.0,2601.0,0.116
2602.0,0.0,2602.0,0.0811
2603.0,0.0,2603.0,0.0811
2604.0,0.0,2604.0,0.0811
2605.0,0.0,2605.0,0.0927
2606.0,0.521,2606.0,0.104
2607.0,0.0,2607.0,0.0695
2608.0,0.0,2608.0,0.104
2609.0,0.0,2609.0,0.127
2610.0,0.0,2610.0,0.127
2611.0,0.521,2611.0,0.139
2612.0,0.0,2612.0,0.116
2613.0,0.521,2613.0,0.0463
2614.0,0.0,2614.0,0.0116
2615.0,0.0,2615.0,0.0463
2616.0,0.0,2616.0,0.0811
2617.0,0.0,2617.0,0.116
2618.0,0.0,2618.0,0.0695
2619.0,0.0,2619.0,0.0811
2620.0,0.0,2620.0,0.0811
2621.0,0.0,2621.0,0.0927
2622.0,0.0,2622.0,0.0811
2623.0,0.0,2623.0,0.0811
2624.0,0.0,2624.0,0.0811
2625.0,0.521,2625.0,0.162
2626.0,0.0,2626.0,0.151
2627.0,0.521,2627.0,0.139
2628.0,0.0,2628.0,0.0811
2629.0,0.0,2629.0,0.0232
2630.0,0.0,2630.0,0.0348
2631.0,0.0,2631.0,0.139
2632.0,0.0,2632.0,0.0811
2633.0,0.0,2633.0,0.0927
2634.0,0.521,2634.0,0.0695
2635.0,0.0,2635.0,0.116
2636.0,0.0,2636.0,0.116
2637.0,0.0,2637.0,0.116
2638.0,0.0,2638.0,0.0927
2639.0,0.0,2639.0,0.0927
2640.0,0.521,2640.0,0.0811
2641.0,0.0,2641.0,0.116
2642.0,0.0,2642.0,0.116
2643.0,0.521,2643.0,0.104
2644.0,0.0,2644.0,0.0116
2645.0,0.0,2645.0,0.0463
2646.0,0.0,2646.0,0.104
2647.0,0.0,2647.0,0.104
2648.0,0.0,2648.0,0.104
2649.0,0.0,2649.0,0.0695
2650.0,0.0,2650.0,0.0927
2651.0,0.0,2651.0,0.0811
2652.0,0.521,2652.0,0.0811
2653.0,0.0,2653.0,0.116
2654.0,0.0,2654.0,0.0927
2655.0,0.0,2655.0,0.0579
2656.0,0.521,2656.0,0.127
2657.0,0.0,2657.0,0.151
2658.0,0.0,2658.0,0.0232
2659.0,0.0,2659.0,0.0463
2660.0,0.0,2660.0,0.0927
2661.0,0.0,2661.0,0.0811
2662.0,0.0,2662.0,0.0811
2663.0,0.521,2663.0,0.0695
2664.0,0.0,2664.0,0.0695
2665.0,0.0,2665.0,0.0927
2666.0,0.0,2666.0,0.0927
2667.0,0.0,2667.0,0.0811
2668.0,0.0,2668.0,0.0579
2669.0,0.0,2669.0,0.0811
2670.0,0.521,2670.0,0.0811
2671.0,0.0,2671.0,0.0811
2672.0,0.0,2672.0,0.116
2673.0,0.0,2673.0,0.0463
2674.0,0.0,2674.0,0.0232
2675.0,0.0,2675.0,0.0811
2676.0,0.0,2676.0,0.0695
2677.0,0.521,2677.0,0.0695
2678.0,0.0,2678.0,0.0811
2679.0,0.0,2679.0,0.0811
2680.0,0.0,2680.0,0.0811
2681.0,0.0,2681.0,0.0927
2682.0,0.0,2682.0,0.0695
2683.0,0.0,2683.0,0.0811
2684.0,0.521,2684.0,0.0811
2685.0,0.0,2685.0,0.127
2686.0,0.0,2686.0,0.0463
2687.0,0.0,2687.0,0.0811
2688.0,0.0,2688.0,0.0579
2689.0,0.521,2689.0,0.0695
2690.0,0.0,2690.0,0.0579
2691.0,0.0,2691.0,0.0811
2692.0,0.0,2692.0,0.0927
2693.0,0.0,2693.0,0.0695
2694.0,0.0,2694.0,0.0695
2695.0,0.0,2695.0,0.0811
2696.0,0.521,2696.0,0.0811
2697.0,0.0,2697.0,0.0811
2698.0,0.0,2698.0,0.116
2699.0,0.0,2699.0,0.0348
2700.0,0.0,2700.0,0.0811
2701.0,0.0,2701.0,0.0695
2702.0,0.0,2702.0,0.0579
2703.0,0.521,2703.0,0.0811
2704.0,0.0,2704.0,0.0695
2705.0,0.0,2705.0,0.0811
2706.0,0.0,2706.0,0.0811
2707.0,0.0,2707.0,0.0927
2708.0,0.0,2708.0,0.0811
2709.0,0.0,2709.0,0.0811
2710.0,0.521,2710.0,0.0927
2711.0,0.0,2711.0,0.127
2712.0,0.0,2712.0,0.0232
2713.0,0.0,2713.0,0.0811
2714.0,0.0,2714.0,0.104
2715.0,0.0,2715.0,0.0927
2716.0,0.521,2716.0,0.116
2717.0,0.0,2717.0,0.0811
2718.0,0.0,2718.0,0.0811
2719.0,0.0,2719.0,0.104
2720.0,0.0,2720.0,0.104
2721.0,0.0,2721.0,0.0927
2722.0,0.521,2722.0,0.104
2723.0,0.0,2723.0,0.104
2724.0,0.0,2724.0,0.104
2725.0,0.0,2725.0,0.127
2726.0,0.521,2726.0,0.0579
2727.0,0.0,2727.0,0.0348
2728.0,0.0,2728.0,0.0811
2729.0,0.0,2729.0,0.0811
2730.0,0.0,2730.0,0.127
2731.0,0.0,2731.0,0.0811
2732.0,0.0,2732.0,0.0695
2733.0,0.0,2733.0,0.116
2734.0,0.521,2734.0,0.0927
2735.0,0.0,2735.0,0.104
2736.0,0.0,2736.0,0.104
2737.0,0.0,2737.0,0.0579
2738.0,0.0,2738.0,0.0695
2739.0,0.521,2739.0,0.174
2740.0,0.0,2740.0,0.0579
2741.0,0.0,2741.0,0.0579
2742.0,0.0,2742.0,0.0811
2743.0,0.0,2743.0,0.0695
2744.0,0.0,2744.0,0.0811
2745.0,0.521,2745.0,0.0811
2746.0,0.0,2746.0,0.0579
2747.0,0.0,2747.0,0.0811
2748.0,0.0,2748.0,0.0811
2749.0,0.0,2749.0,0.0579
2750.0,0.0,2750.0,0.0695
2751.0,0.0,2751.0,0.0695
2752.0,0.0,2752.0,0.0695
2753.0,0.521,2753.0,0.0811
2754.0,0.0,2754.0,0.0579
2755.0,0.0,2755.0,0.0811
2756.0,0.0,2756.0,0.0695
2757.0,0.0,2757.0,0.0695
2758.0,0.0,2758.0,0.0579
2759.0,0.0,2759.0,0.0695
2760.0,0.521,2760.0,0.0463
2761.0,0.0,2761.0,0.0579
2762.0,0.0,2762.0,0.0579
2763.0,0.0,2763.0,0.0579
2764.0,0.0,2764.0,0.0463
2765.0,0.0,2765.0,0.0463
2766.0,0.0,2766.0,0.0579
2767.0,0.521,2767.0,0.0811
2768.0,0.0,2768.0,0.0695
2769.0,0.0,2769.0,0.0695
2770.0,0.0,2770.0,0.0579
2771.0,0.0,2771.0,0.0579
2772.0,0.0,2772.0,0.0695
2773.0,0.0,2773.0,0.0579
2774.0,0.0,2774.0,0.0463
2775.0,0.0,2775.0,0.0579
2776.0,0.0,2776.0,0.0579
2777.0,0.0,2777.0,0.0579
2778.0,0.521,2778.0,0.0463
2779.0,0.0,2779.0,0.0463
2780.0,0.0,2780.0,0.0695
2781.0,0.0,2781.0,0.0695
2782.0,0.0,2782.0,0.0811
2783.0,0.0,2783.0,0.0695
2784.0,0.0,2784.0,0.0579
2785.0,0.521,2785.0,0.0463
2786.0,0.0,2786.0,0.0579
2787.0,0.0,2787.0,0.0695
2788.0,0.0,2788.0,0.0579
2789.0,0.0,2789.0,0.0463
2790.0,0.0,2790.0,0.0579
2791.0,0.0,2791.0,0.0579
2792.0,0.0,2792.0,0.0463
2793.0,0.0,2793.0,0.0463
2794.0,0.0,2794.0,0.0579
2795.0,0.521,2795.0,0.0927
2796.0,0.0,2796.0,0.104
2797.0,0.0,2797.0,0.0811
2798.0,0.0,2798.0,0.0579
2799.0,0.0,2799.0,0.0579
2800.0,0.0,2800.0,0.0579
2801.0,0.0,2801.0,0.0579
2802.0,0.521,2802.0,0.0463
2803.0,0.0,2803.0,0.0348
2804.0,0.0,2804.0,0.0348
2805.0,0.0,2805.0,0.0579
2806.0,0.0,2806.0,0.0232
2807.0,0.0,2807.0,0.0579
2808.0,0.0,2808.0,0.0463
2809.0,0.0,2809.0,0.0579
2810.0,0.0,2810.0,0.0811
2811.0,0.0,2811.0,0.0579
2812.0,0.521,2812.0,0.0579
2813.0,0.0,2813.0,0.0579
2814.0,0.0,2814.0,0.0463
2815.0,0.0,2815.0,0.0579
2816.0,0.0,2816.0,0.0463
2817.0,0.0,2817.0,0.0463
2818.0,0.0,2818.0,0.0463
2819.0,0.0,2819.0,0.0463
2820.0,0.0,2820.0,0.0579
2821.0,0.0,2821.0,0.0348
2822.0,0.521,2822.0,0.0695
2823.0,0.0,2823.0,0.0579
2824.0,0.0,2824.0,0.0811
2825.0,0.0,2825.0,0.0695
2826.0,0.0,2826.0,0.0695
2827.0,0.0,2827.0,0.0695
2828.0,0.0,2828.0,0.0348
2829.0,0.0,2829.0,0.0579
2830.0,0.0,2830.0,0.0579
2831.0,0.0,2831.0,0.0579
2832.0,0.521,2832.0,0.0348
2833.0,0.0,2833.0,0.0695
2834.0,0.0,2834.0,0.0348
2835.0,0.0,2835.0,0.0348
2836.0,0.0,2836.0,0.0811
2837.0,0.0,2837.0,0.0579
2838.0,0.0,2838.0,0.0811
2839.0,0.521,2839.0,0.0579
2840.0,0.0,2840.0,0.0579
2841.0,0.0,2841.0,0.0579
2842.0,0.0,2842.0,0.0579
2843.0,0.0,2843.0,0.0463
2844.0,0.0,2844.0,0.0463
2845.0,0.0,2845.0,0.0695
2846.0,0.0,2846.0,0.0463
2847.0,0.0,2847.0,0.0463
2848.0,0.0,2848.0,0.0695
2849.0,0.0,2849.0,0.0348
2850.0,0.521,2850.0,0.0579
2851.0,0.0,2851.0,0.0116
2852.0,0.0,2852.0,0.0463
2853.0,0.0,2853.0,0.0927
2854.0,0.0,2854.0,0.0811
2855.0,0.0,2855.0,0.0695
2856.0,0.0,2856.0,0.0695
2857.0,0.0,2857.0,0.0695
2858.0,0.0,2858.0,0.0463
2859.0,0.0,2859.0,0.0695
2860.0,0.521,2860.0,0.0695
2861.0,0.0,2861.0,0.0695
2862.0,0.0,2862.0,0.0695
2863.0,0.0,2863.0,0.0811
2864.0,0.0,2864.0,0.0927
2865.0,0.521,2865.0,0.0463
2866.0,0.0,2866.0,0.0116
2867.0,0.0,2867.0,0.0348
2868.0,0.0,2868.0,0.0927
2869.0,0.0,2869.0,0.0579
2870.0,0.0,2870.0,0.0579
2871.0,0.0,2871.0,0.0579
2872.0,0.0,2872.0,0.0579
2873.0,0.0,2873.0,0.0579
2874.0,0.0,2874.0,0.0579
2875.0,0.0,2875.0,0.0695
2876.0,0.0,2876.0,0.0695
2877.0,0.521,2877.0,0.0463
2878.0,0.0,2878.0,0.0695
2879.0,0.0,2879.0,0.0811
2880.0,0.0,2880.0,0.0463
2881.0,0.0,2881.0,0.0463
2882.0,0.0,2882.0,0.0232
2883.0,0.521,2883.0,0.0463
2884.0,0.0,2884.0,0.0695
2885.0,0.0,2885.0,0.0579
2886.0,0.0,2886.0,0.0811
2887.0,0.0,2887.0,0.0695
2888.0,0.0,2888.0,0.0463
2889.0,0.0,2889.0,0.0463
2890.0,0.0,2890.0,0.0695
2891.0,0.0,2891.0,0.0811
2892.0,0.0,2892.0,0.0695
2893.0,0.0,2893.0,0.0579
2894.0,0.0,2894.0,0.0463
2895.0,0.521,2895.0,0.0579
2896.0,0.0,2896.0,0.0811
2897.0,0.0,2897.0,0.0811
2898.0,0.0,2898.0,0.0116
2899.0,0.0,2899.0,0.0348
2900.0,0.0,2900.0,0.0463
2901.0,0.0,2901.0,0.0579
2902.0,0.0,2902.0,0.0695
2903.0,0.0,2903.0,0.0579
2904.0,0.521,2904.0,0.0579
2905.0,0.0,2905.0,0.0695
2906.0,0.0,2906.0,0.0811
2907.0,0.0,2907.0,0.0695
2908.0,0.0,2908.0,0.0811
2909.0,0.0,2909.0,0.0579
2910.0,0.0,2910.0,0.0579
2911.0,0.521,2911.0,0.0811
2912.0,0.0,2912.0,0.0579
2913.0,0.0,2913.0,0.0116
2914.0,0.0,2914.0,0.0348
2915.0,0.0,2915.0,0.0116
2916.0,0.0,2916.0,0.0811
2917.0,0.0,2917.0,0.0579
2918.0,0.0,2918.0,0.0463
2919.0,0.0,2919.0,0.0463
2920.0,0.0,2920.0,0.0463
2921.0,0.0,2921.0,0.0348
2922.0,0.0,2922.0,0.0695
2923.0,0.521,2923.0,0.104
2924.0,0.0,2924.0,0.104
2925.0,0.0,2925.0,0.104
2926.0,0.0,2926.0,0.0811
2927.0,0.521,2927.0,0.0348
2928.0,0.0,2928.0,0.0348
2929.0,0.0,2929.0,0.0116
2930.0,0.0,2930.0,0.0232
2931.0,0.0,2931.0,0.0579
2932.0,0.0,2932.0,0.0463
2933.0,0.0,2933.0,0.0463
2934.0,0.0,2934.0,0.0463
2935.0,0.0,2935.0,0.0579
2936.0,0.0,2936.0,0.0463
2937.0,0.0,2937.0,0.0579
2938.0,0.0,2938.0,0.0695
2939.0,0.0,2939.0,0.0811
2940.0,0.521,2940.0,0.104
2941.0,0.0,2941.0,0.0927
2942.0,0.0,2942.0,0.0
2943.0,0.0,2943.0,0.0463
2944.0,0.0,2944.0,0.0116
2945.0,0.0,2945.0,0.0463
2946.0,0.0,2946.0,0.0463
2947.0,0.0,2947.0,0.0579
2948.0,0.0,2948.0,0.0463
2949.0,0.0,2949.0,0.0348
2950.0,0.0,2950.0,0.0463
2951.0,0.0,2951.0,0.0232
2952.0,0.0,2952.0,0.0695
2953.0,0.521,2953.0,0.0811
2954.0,0.0,2954.0,0.0811
2955.0,0.0,2955.0,0.139
2956.0,0.0,2956.0,0.0811
2957.0,0.521,2957.0,0.0579
2958.0,0.0,2958.0,0.0463
2959.0,0.0,2959.0,0.0
2960.0,0.0,2960.0,0.0463
2961.0,0.0,2961.0,0.0
2962.0,0.0,2962.0,0.0463
2963.0,0.0,2963.0,0.0579
2964.0,0.0,2964.0,0.0579
2965.0,0.0,2965.0,0.0348
2966.0,0.0,2966.0,0.0348
2967.0,0.0,2967.0,0.0348
2968.0,0.0,2968.0,0.0463
2969.0,0.0,2969.0,0.0579
2970.0,0.0,2970.0,0.116
2971.0,0.521,2971.0,0.151
2972.0,0.0,2972.0,0.0695
2973.0,0.0,2973.0,0.0463
2974.0,0.0,2974.0,0.0232
2975.0,0.0,2975.0,0.0
2976.0,0.0,2976.0,0.0463
2977.0,0.521,2977.0,0.0116
2978.0,0.0,2978.0,0.0463
2979.0,0.0,2979.0,0.0695
2980.0,0.0,2980.0,0.0695
2981.0,0.0,2981.0,0.0348
2982.0,0.0,2982.0,0.0463
2983.0,0.0,2983.0,0.0463
2984.0,0.0,2984.0,0.0579
2985.0,0.0,2985.0,0.0579
2986.0,0.0,2986.0,0.0811
2987.0,0.0,2987.0,0.104
2988.0,0.521,2988.0,0.104
2989.0,0.0,2989.0,0.0463
2990.0,0.0,2990.0,0.0348
2991.0,0.0,2991.0,0.0695
2992.0,0.0,2992.0,0.0695
2993.0,0.0,2993.0,0.0
2994.0,0.0,2994.0,0.0463
2995.0,0.0,2995.0,0.0
2996.0,0.0,2996.0,0.0
2997.0,0.0,2997.0,0.0
2998.0,0.0,2998.0,0.0232
2999.0,0.0,2999.0,0.0463
3000.0,0.0,3000.0,0.0348
3001.0,0.0,3001.0,0.0579
3002.0,0.0,3002.0,0.0463
3003.0,0.0,3003.0,0.0927
3004.0,0.521,3004.0,0.116
3005.0,0.0,3005.0,0.116
3006.0,0.0,3006.0,0.0927
3007.0,0.0,3007.0,0.0463
3008.0,0.521,3008.0,0.0811
3009.0,0.0,3009.0,0.0695
3010.0,0.0,3010.0,0.0
3011.0,0.0,3011.0,0.0463
3012.0,0.0,3012.0,0.0
3013.0,0.0,3013.0,0.0
3014.0,0.0,3014.0,0.0
3015.0,0.0,3015.0,0.0116
3016.0,0.0,3016.0,0.0463
3017.0,0.0,3017.0,0.0348
3018.0,0.0,3018.0,0.0463
3019.0,0.0,3019.0,0.0811
3020.0,0.0,3020.0,0.0579
3021.0,0.0,3021.0,0.0695
3022.0,0.0,3022.0,0.0695
3023.0,0.0,3023.0,0.0695
3024.0,0.521,3024.0,0.0811
3025.0,0.0,3025.0,0.0927
3026.0,0.0,3026.0,0.127
3027.0,0.521,3027.0,0.0695
3028.0,0.0,3028.0,0.0348
3029.0,0.0,3029.0,0.0579
3030.0,0.0,3030.0,0.0579
3031.0,0.0,3031.0,0.0579
3032.0,0.0,3032.0,0.0579
3033.0,0.0,3033.0,0.0695
3034.0,0.0,3034.0,0.104
3035.0,0.0,3035.0,0.0232
3036.0,0.0,3036.0,0.0579
3037.0,0.521,3037.0,0.0811
3038.0,0.0,3038.0,0.0811
3039.0,0.0,3039.0,0.0463
3040.0,0.0,3040.0,0.0695
3041.0,0.0,3041.0,0.0695
3042.0,0.0,3042.0,0.0
3043.0,0.521,3043.0,0.0695
3044.0,0.0,3044.0,0.0695
3045.0,0.0,3045.0,0.0695
3046.0,0.0,3046.0,0.0811
3047.0,0.0,3047.0,0.0579
3048.0,0.0,3048.0,0.0695
3049.0,0.0,3049.0,0.0811
3050.0,0.0,3050.0,0.0695
3051.0,0.0,3051.0,0.0811
3052.0,0.0,3052.0,0.0579
3053.0,0.521,3053.0,0.0695
3054.0,0.0,3054.0,0.0927
3055.0,0.0,3055.0,0.0695
3056.0,0.0,3056.0,0.0348
3057.0,0.0,3057.0,0.0463
3058.0,0.0,3058.0,0.0811
3059.0,0.521,3059.0,0.0695
3060.0,0.0,3060.0,0.0579
3061.0,0.0,3061.0,0.0695
3062.0,0.0,3062.0,0.0927
3063.0,0.0,3063.0,0.0463
3064.0,0.0,3064.0,0.0695
3065.0,0.0,3065.0,0.0695
3066.0,0.0,3066.0,0.0811
3067.0,0.0,3067.0,0.0695
3068.0,0.521,3068.0,0.0695
3069.0,0.0,3069.0,0.0695
3070.0,0.0,3070.0,0.0695
3071.0,0.0,3071.0,0.0
3072.0,0.0,3072.0,0.0463
3073.0,0.0,3073.0,0.0
3074.0,0.0,3074.0,0.0463
3075.0,0.0,3075.0,0.0695
3076.0,0.0,3076.0,0.0579
3077.0,0.0,3077.0,0.0579
3078.0,0.0,3078.0,0.0579
3079.0,0.0,3079.0,0.0348
3080.0,0.0,3080.0,0.0579
3081.0,0.521,3081.0,0.0579
3082.0,0.0,3082.0,0.0695
3083.0,0.0,3083.0,0.0579
3084.0,0.0,3084.0,0.0579
3085.0,0.0,3085.0,0.0463
3086.0,0.521,3086.0,0.0927
3087.0,0.0,3087.0,0.0811
3088.0,0.0,3088.0,0.0463
3089.0,0.0,3089.0,0.0
3090.0,0.0,3090.0,0.0695
3091.0,0.0,3091.0,0.0579
3092.0,0.0,3092.0,0.0579
3093.0,0.0,3093.0,0.0348
3094.0,0.0,3094.0,0.0348
3095.0,0.0,3095.0,0.0348
3096.0,0.0,3096.0,0.0695
3097.0,0.0,3097.0,0.0811
3098.0,0.521,3098.0,0.0579
3099.0,0.0,3099.0,0.0463
3100.0,0.0,3100.0,0.0232
3101.0,0.0,3101.0,0.0463
3102.0,0.0,3102.0,0.0695
3103.0,0.0,3103.0,0.0579
3104.0,0.0,3104.0,0.0579
3105.0,0.0,3105.0,0.0463
3106.0,0.0,3106.0,0.0463
3107.0,0.521,3107.0,0.0579
3108.0,0.0,3108.0,0.0579
3109.0,0.0,3109.0,0.0463
3110.0,0.0,3110.0,0.0579
3111.0,0.0,3111.0,0.0579
3112.0,0.0,3112.0,0.0579
3113.0,0.0,3113.0,0.0348
3114.0,0.0,3114.0,0.0579
3115.0,0.0,3115.0,0.0463
3116.0,0.521,3116.0,0.0348
3117.0,0.0,3117.0,0.0463
3118.0,0.0,3118.0,0.0463
3119.0,0.0,3119.0,0.0463
3120.0,0.0,3120.0,0.0463
3121.0,0.0,3121.0,0.0348
3122.0,0.0,3122.0,0.0463
3123.0,0.0,3123.0,0.0463
3124.0,0.0,3124.0,0.0348
3125.0,0.0,3125.0,0.0348
3126.0,0.0,3126.0,0.0579
3127.0,0.0,3127.0,0.0463
3128.0,0.0,3128.0,0.0463
3129.0,0.0,3129.0,0.0116
3130.0,0.521,3130.0,0.0463
3131.0,0.0,3131.0,0.104
3132.0,0.0,3132.0,0.0
3133.0,0.0,3133.0,0.0463
3134.0,0.0,3134.0,0.0579
3135.0,0.0,3135.0,0.0579
3136.0,0.0,3136.0,0.0463
3137.0,0.0,3137.0,0.0579
3138.0,0.0,3138.0,0.0348
3139.0,0.0,3139.0,0.0232
3140.0,0.0,3140.0,0.0348
3141.0,0.0,3141.0,0.0348
3142.0,0.521,3142.0,0.0348
3143.0,0.0,3143.0,0.0348
3144.0,0.0,3144.0,0.0348
3145.0,0.0,3145.0,0.0463
3146.0,0.0,3146.0,0.0579
3147.0,0.0,3147.0,0.0463
3148.0,0.0,3148.0,0.0
3149.0,0.0,3149.0,0.0463
3150.0,0.0,3150.0,0.0232
3151.0,0.0,3151.0,0.0463
3152.0,0.0,3152.0,0.0348
3153.0,0.0,3153.0,0.0463
3154.0,0.0,3154.0,0.0348
3155.0,0.0,3155.0,0.0348
3156.0,0.0,3156.0,0.0348
3157.0,0.521,3157.0,0.0348
3158.0,0.0,3158.0,0.0463
3159.0,0.0,3159.0,0.116
3160.0,0.0,3160.0,0.0348
3161.0,0.0,3161.0,0.0463
3162.0,0.0,3162.0,0.0348
3163.0,0.0,3163.0,0.0
3164.0,0.0,3164.0,0.0463
3165.0,0.0,3165.0,0.0463
3166.0,0.521,3166.0,0.0695
3167.0,0.0,3167.0,0.0463
3168.0,0.0,3168.0,0.0463
3169.0,0.0,3169.0,0.0579
3170.0,0.0,3170.0,0.116
3171.0,0.0,3171.0,0.0579
3172.0,0.0,3172.0,0.0463
3173.0,0.0,3173.0,0.0463
3174.0,0.0,3174.0,0.0463
3175.0,0.0,3175.0,0.0579
3176.0,0.0,3176.0,0.0579
3177.0,0.521,3177.0,0.0811
3178.0,0.0,3178.0,0.0811
3179.0,0.0,3179.0,0.0116
3180.0,0.0,3180.0,0.0463
3181.0,0.0,3181.0,0.0116
3182.0,0.0,3182.0,0.0927
3183.0,0.0,3183.0,0.116
3184.0,0.521,3184.0,0.0811
3185.0,0.0,3185.0,0.0927
3186.0,0.0,3186.0,0.0695
3187.0,0.0,3187.0,0.0811
3188.0,0.0,3188.0,0.0811
3189.0,0.0,3189.0,0.0463
3190.0,0.0,3190.0,0.0579
3191.0,0.0,3191.0,0.0811
3192.0,0.0,3192.0,0.0695
3193.0,0.521,3193.0,0.0811
3194.0,0.0,3194.0,0.116
3195.0,0.0,3195.0,0.127
3196.0,0.521,3196.0,0.104
3197.0,0.0,3197.0,0.0463
3198.0,0.0,3198.0,0.0232
3199.0,0.0,3199.0,0.0579
3200.0,0.0,3200.0,0.0579
3201.0,0.0,3201.0,0.0579
3202.0,0.0,3202.0,0.0695
3203.0,0.0,3203.0,0.0695
3204.0,0.0,3204.0,0.0927
3205.0,0.0,3205.0,0.0463
3206.0,0.0,3206.0,0.0579
3207.0,0.521,3207.0,0.0811
3208.0,0.0,3208.0,0.0695
3209.0,0.0,3209.0,0.0579
3210.0,0.0,3210.0,0.0927
3211.0,0.521,3211.0,0.0695
3212.0,0.0,3212.0,0.0348
3213.0,0.0,3213.0,0.0695
3214.0,0.0,3214.0,0.0463
3215.0,0.0,3215.0,0.0463
3216.0,0.0,3216.0,0.0463
3217.0,0.0,3217.0,0.0463
3218.0,0.0,3218.0,0.0695
3219.0,0.0,3219.0,0.0463
3220.0,0.0,3220.0,0.0348
3221.0,0.0,3221.0,0.0579
3222.0,0.0,3222.0,0.0695
3223.0,0.0,3223.0,0.0695
3224.0,0.521,3224.0,0.0232
3225.0,0.0,3225.0,0.0927
3226.0,0.0,3226.0,0.0695
3227.0,0.0,3227.0,0.0811
3228.0,0.0,3228.0,0.0579
3229.0,0.0,3229.0,0.0579
3230.0,0.0,3230.0,0.0463
3231.0,0.0,3231.0,0.0463
3232.0,0.521,3232.0,0.0579
3233.0,0.0,3233.0,0.0463
3234.0,0.0,3234.0,0.0348
3235.0,0.0,3235.0,0.0579
3236.0,0.0,3236.0,0.0348
3237.0,0.0,3237.0,0.0463
3238.0,0.0,3238.0,0.0463
3239.0,0.0,3239.0,0.0232
3240.0,0.0,3240.0,0.0463
3241.0,0.0,3241.0,0.0463
3242.0,0.521,3242.0,0.0579
3243.0,0.0,3243.0,0.0463
3244.0,0.0,3244.0,0.0463
3245.0,0.0,3245.0,0.0348
3246.0,0.0,3246.0,0.0348
3247.0,0.0,3247.0,0.0463
3248.0,0.0,3248.0,0.0579
3249.0,0.0,3249.0,0.0463
3250.0,0.0,3250.0,0.0116
3251.0,0.0,3251.0,0.0463
3252.0,0.0,3252.0,0.0579
3253.0,0.521,3253.0,0.0463
3254.0,0.0,3254.0,0.0232
3255.0,0.0,3255.0,0.0463
3256.0,0.0,3256.0,0.0348
3257.0,0.0,3257.0,0.0348
3258.0,0.0,3258.0,0.0348
3259.0,0.0,3259.0,0.0463
3260.0,0.0,3260.0,0.0463
3261.0,0.0,3261.0,0.0463
3262.0,0.0,3262.0,0.0348
3263.0,0.0,3263.0,0.0348
3264.0,0.0,3264.0,0.0348
3265.0,0.0,3265.0,0.0463
3266.0,0.0,3266.0,0.127
3267.0,0.521,3267.0,0.0348
3268.0,0.0,3268.0,0.0116
3269.0,0.0,3269.0,0.0463
3270.0,0.0,3270.0,0.0579
3271.0,0.0,3271.0,0.0579
3272.0,0.0,3272.0,0.0348
3273.0,0.0,3273.0,0.0463
3274.0,0.0,3274.0,0.0348
3275.0,0.0,3275.0,0.0348
3276.0,0.0,3276.0,0.0463
3277.0,0.0,3277.0,0.0463
3278.0,0.0,3278.0,0.0348
3279.0,0.521,3279.0,0.0463
3280.0,0.0,3280.0,0.0695
3281.0,0.0,3281.0,0.0463
3282.0,0.0,3282.0,0.0463
3283.0,0.0,3283.0,0.0348
3284.0,0.0,3284.0,0.0463
3285.0,0.0,3285.0,0.0463
3286.0,0.0,3286.0,0.0463
3287.0,0.0,3287.0,0.0463
3288.0,0.0,3288.0,0.0463
3289.0,0.521,3289.0,0.0348
3290.0,0.0,3290.0,0.0348
3291.0,0.0,3291.0,0.0463
3292.0,0.0,3292.0,0.0811
3293.0,0.0,3293.0,0.0232
3294.0,0.0,3294.0,0.0348
3295.0,0.0,3295.0,0.0348
3296.0,0.0,3296.0,0.0463
3297.0,0.0,3297.0,0.0463
3298.0,0.0,3298.0,0.0579
3299.0,0.0,3299.0,0.0579
3300.0,0.521,3300.0,0.0579
3301.0,0.0,3301.0,0.0463
3302.0,0.0,3302.0,0.0579
3303.0,0.0,3303.0,0.0579
3304.0,0.0,3304.0,0.0579
3305.0,0.0,3305.0,0.0579
3306.0,0.0,3306.0,0.0463
3307.0,0.0,3307.0,0.0348
3308.0,0.0,3308.0,0.0232
3309.0,0.0,3309.0,0.0348
3310.0,0.0,3310.0,0.0348
3311.0,0.0,3311.0,0.0463
3312.0,0.521,3312.0,0.0348
3313.0,0.0,3313.0,0.0348
3314.0,0.0,3314.0,0.0463
3315.0,0.0,3315.0,0.0695
3316.0,0.0,3316.0,0.0927
3317.0,0.0,3317.0,0.0463
3318.0,0.0,3318.0,0.0348
3319.0,0.0,3319.0,0.0348
3320.0,0.0,3320.0,0.0116
3321.0,0.0,3321.0,0.0116
3322.0,0.0,3322.0,0.0348
3323.0,0.0,3323.0,0.0232
3324.0,0.0,3324.0,0.0116
3325.0,0.0,3325.0,0.0116
3326.0,0.521,3326.0,0.0116
3327.0,0.0,3327.0,0.0348
3328.0,0.0,3328.0,0.0116
3329.0,0.0,3329.0,0.0232
3330.0,0.0,3330.0,0.0579
3331.0,0.0,3331.0,0.0695
3332.0,0.0,3332.0,0.0463
3333.0,0.0,3333.0,0.0463
3334.0,0.0,3334.0,0.0579
3335.0,0.0,3335.0,0.0348
3336.0,0.0,3336.0,0.0463
3337.0,0.0,3337.0,0.0232
3338.0,0.0,3338.0,0.0463
3339.0,0.0,3339.0,0.0579
3340.0,0.521,3340.0,0.0348
3341.0,0.0,3341.0,0.0348
3342.0,0.0,3342.0,0.0579
3343.0,0.0,3343.0,0.0348
3344.0,0.0,3344.0,0.0811
3345.0,0.0,3345.0,0.0579
3346.0,0.0,3346.0,0.0463
3347.0,0.0,3347.0,0.0463
3348.0,0.0,3348.0,0.0579
3349.0,0.0,3349.0,0.0811
3350.0,0.0,3350.0,0.0463
3351.0,0.521,3351.0,0.0348
3352.0,0.0,3352.0,0.0811
3353.0,0.0,3353.0,0.0579
3354.0,0.0,3354.0,0.0463
3355.0,0.0,3355.0,0.0811
3356.0,0.0,3356.0,0.0811
3357.0,0.0,3357.0,0.0579
3358.0,0.521,3358.0,0.0579
3359.0,0.0,3359.0,0.0811
3360.0,0.0,3360.0,0.0695
3361.0,0.0,3361.0,0.0579
3362.0,0.0,3362.0,0.0348
3363.0,0.0,3363.0,0.0579
3364.0,0.0,3364.0,0.0579
3365.0,0.0,3365.0,0.0579
3366.0,0.0,3366.0,0.0579
3367.0,0.0,3367.0,0.0579
3368.0,0.521,3368.0,0.0579
3369.0,0.0,3369.0,0.0579
3370.0,0.0,3370.0,0.0695
3371.0,0.0,3371.0,0.0463
3372.0,0.0,3372.0,0.0811
3373.0,0.0,3373.0,0.0463
3374.0,0.0,3374.0,0.0695
3375.0,0.0,3375.0,0.0579
3376.0,0.0,3376.0,0.0579
3377.0,0.521,3377.0,0.0579
3378.0,0.0,3378.0,0.0695
3379.0,0.0,3379.0,0.0695
3380.0,0.0,3380.0,0.0579
3381.0,0.0,3381.0,0.0695
3382.0,0.0,3382.0,0.0463
3383.0,0.0,3383.0,0.0927
3384.0,0.521,3384.0,0.0811
3385.0,0.0,3385.0,0.0579
3386.0,0.0,3386.0,0.0579
3387.0,0.0,3387.0,0.0463
3388.0,0.0,3388.0,0.0579
3389.0,0.0,3389.0,0.0579
3390.0,0.0,3390.0,0.0579
3391.0,0.0,3391.0,0.0463
3392.0,0.0,3392.0,0.0579
3393.0,0.521,3393.0,0.0463
3394.0,0.0,3394.0,0.0463
3395.0,0.0,3395.0,0.0695
3396.0,0.0,3396.0,0.0463
3397.0,0.0,3397.0,0.0463
3398.0,0.0,3398.0,0.0579
3399.0,0.0,3399.0,0.0695
3400.0,0.0,3400.0,0.0811
3401.0,0.0,3401.0,0.0695
3402.0,0.521,3402.0,0.0579
3403.0,0.0,3403.0,0.0579
3404.0,0.0,3404.0,0.0695
3405.0,0.0,3405.0,0.0579
3406.0,0.0,3406.0,0.0579
3407.0,0.0,3407.0,0.0463
3408.0,0.0,3408.0,0.0695
3409.0,0.0,3409.0,0.0463
3410.0,0.521,3410.0,0.0811
3411.0,0.0,3411.0,0.0579
3412.0,0.0,3412.0,0.0463
3413.0,0.0,3413.0,0.0116
3414.0,0.0,3414.0,0.0579
3415.0,0.0,3415.0,0.0579
3416.0,0.0,3416.0,0.0579
3417.0,0.0,3417.0,0.0579
3418.0,0.0,3418.0,0.0579
3419.0,0.0,3419.0,0.0695
3420.0,0.0,3420.0,0.0579
3421.0,0.0,3421.0,0.0348
3422.0,0.521,3422.0,0.0579
3423.0,0.0,3423.0,0.0463
3424.0,0.0,3424.0,0.0811
3425.0,0.0,3425.0,0.0811
3426.0,0.0,3426.0,0.0463
3427.0,0.0,3427.0,0.0232
3428.0,0.0,3428.0,0.0579
3429.0,0.0,3429.0,0.0348
3430.0,0.0,3430.0,0.0811
3431.0,0.521,3431.0,0.0695
3432.0,0.0,3432.0,0.0463
3433.0,0.0,3433.0,0.0579
3434.0,0.0,3434.0,0.0579
3435.0,0.0,3435.0,0.0579
3436.0,0.0,3436.0,0.0463
3437.0,0.0,3437.0,0.0463
3438.0,0.0,3438.0,0.0463
3439.0,0.521,3439.0,0.0811
3440.0,0.0,3440.0,0.0463
3441.0,0.0,3441.0,0.0463
3442.0,0.0,3442.0,0.0579
3443.0,0.0,3443.0,0.0463
3444.0,0.0,3444.0,0.0695
3445.0,0.0,3445.0,0.0463
3446.0,0.0,3446.0,0.0579
3447.0,0.0,3447.0,0.0579
3448.0,0.0,3448.0,0.0463
3449.0,0.0,3449.0,0.0579
3450.0,0.521,3450.0,0.0463
3451.0,0.0,3451.0,0.0463
3452.0,0.0,3452.0,0.0348
3453.0,0.0,3453.0,0.104
3454.0,0.0,3454.0,0.0579
3455.0,0.0,3455.0,0.0463
3456.0,0.0,3456.0,0.0463
3457.0,0.0,3457.0,0.0348
3458.0,0.521,3458.0,0.0695
3459.0,0.0,3459.0,0.0348
3460.0,0.0,3460.0,0.0463
3461.0,0.0,3461.0,0.0463
3462.0,0.0,3462.0,0.0463
3463.0,0.0,3463.0,0.0348
3464.0,0.0,3464.0,0.0232
3465.0,0.0,3465.0,0.0579
3466.0,0.0,3466.0,0.0463
3467.0,0.0,3467.0,0.0695
3468.0,0.521,3468.0,0.0463
3469.0,0.0,3469.0,0.0463
3470.0,0.0,3470.0,0.0348
3471.0,0.0,3471.0,0.0463
3472.0,0.0,3472.0,0.0463
3473.0,0.0,3473.0,0.0348
3474.0,0.0,3474.0,0.0232
3475.0,0.0,3475.0,0.0348
3476.0,0.0,3476.0,0.0232
3477.0,0.0,3477.0,0.0348
3478.0,0.0,3478.0,0.0348
3479.0,0.0,3479.0,0.0232
3480.0,0.0,3480.0,0.0116
3481.0,0.0,3481.0,0.0695
3482.0,0.521,3482.0,0.0579
3483.0,0.0,3483.0,0.0348
3484.0,0.0,3484.0,0.0348
3485.0,0.0,3485.0,0.0463
3486.0,0.0,3486.0,0.0463
3487.0,0.0,3487.0,0.0232
3488.0,0.0,3488.0,0.0463
3489.0,0.0,3489.0,0.0348
3490.0,0.0,3490.0,0.0116
3491.0,0.0,3491.0,0.0463
3492.0,0.0,3492.0,0.0232
3493.0,0.0,3493.0,0.0348
3494.0,0.0,3494.0,0.0232
3495.0,0.0,3495.0,0.0232
3496.0,0.0,3496.0,0.0348
3497.0,0.0,3497.0,0.0463
3498.0,0.521,3498.0,0.0811
3499.0,0.0,3499.0,0.0579
3500.0,0.0,3500.0,0.0579
3501.0,0.0,3501.0,0.0579
3502.0,0.0,3502.0,0.0463
3503.0,0.0,3503.0,0.0463
3504.0,0.0,3504.0,0.0463
3505.0,0.0,3505.0,0.0463
3506.0,0.0,3506.0,0.0463
3507.0,0.0,3507.0,0.0463
3508.0,0.0,3508.0,0.0463
3509.0,0.521,3509.0,0.0695
3510.0,0.0,3510.0,0.0579
3511.0,0.0,3511.0,0.0463
3512.0,0.0,3512.0,0.0116
3513.0,0.0,3513.0,0.0348
3514.0,0.0,3514.0,0.0695
3515.0,0.0,3515.0,0.0579
3516.0,0.0,3516.0,0.0348
3517.0,0.0,3517.0,0.0463
3518.0,0.0,3518.0,0.0348
3519.0,0.0,3519.0,0.0463
3520.0,0.0,3520.0,0.0463
3521.0,0.0,3521.0,0.0348
3522.0,0.521,3522.0,0.0463
3523.0,0.0,3523.0,0.0695
3524.0,0.0,3524.0,0.0811
3525.0,0.0,3525.0,0.0463
3526.0,0.0,3526.0,0.0348
3527.0,0.0,3527.0,0.0695
3528.0,0.0,3528.0,0.0463
3529.0,0.521,3529.0,0.0463
3530.0,0.0,3530.0,0.0232
3531.0,0.0,3531.0,0.0579
3532.0,0.0,3532.0,0.0579
3533.0,0.0,3533.0,0.0463
3534.0,0.0,3534.0,0.0579
3535.0,0.0,3535.0,0.0463
3536.0,0.0,3536.0,0.0463
3537.0,0.0,3537.0,0.0463
3538.0,0.0,3538.0,0.0695
3539.0,0.0,3539.0,0.0695
3540.0,0.0,3540.0,0.0579
3541.0,0.0,3541.0,0.0463
3542.0,0.521,3542.0,0.0579
3543.0,0.0,3543.0,0.0579
3544.0,0.0,3544.0,0.0579
3545.0,0.0,3545.0,0.0579
3546.0,0.0,3546.0,0.0232
3547.0,0.0,3547.0,0.0
3548.0,0.0,3548.0,0.0463
3549.0,0.0,3549.0,0.0
3550.0,0.0,3550.0,0.0463
3551.0,0.0,3551.0,0.0463
3552.0,0.0,3552.0,0.0579
3553.0,0.521,3553.0,0.0695
3554.0,0.0,3554.0,0.0811
3555.0,0.0,3555.0,0.0579
3556.0,0.0,3556.0,0.0695
3557.0,0.0,3557.0,0.0463
3558.0,0.0,3558.0,0.0579
3559.0,0.0,3559.0,0.0463
3560.0,0.0,3560.0,0.0579
3561.0,0.0,3561.0,0.0695
3562.0,0.521,3562.0,0.0927
3563.0,0.0,3563.0,0.0
3564.0,0.0,3564.0,0.0116
3565.0,0.0,3565.0,0.0348
3566.0,0.0,3566.0,0.0
3567.0,0.0,3567.0,0.0463
3568.0,0.0,3568.0,0.0579
3569.0,0.0,3569.0,0.0579
3570.0,0.0,3570.0,0.127
3571.0,0.521,3571.0,0.0695
3572.0,0.0,3572.0,0.0695
3573.0,0.0,3573.0,0.0579
3574.0,0.0,3574.0,0.0463
3575.0,0.0,3575.0,0.0579
3576.0,0.0,3576.0,0.0579
3577.0,0.0,3577.0,0.0695
3578.0,0.0,3578.0,0.0232
3579.0,0.0,3579.0,0.0
3580.0,0.0,3580.0,0.0
3581.0,0.0,3581.0,0.0232
3582.0,0.521,3582.0,0.0232
3583.0,0.0,3583.0,0.0
3584.0,0.0,3584.0,0.0
3585.0,0.0,3585.0,0.0463
3586.0,0.0,3586.0,0.139
3587.0,0.0,3587.0,0.0579
3588.0,0.0,3588.0,0.0579
3589.0,0.0,3589.0,0.0463
3590.0,0.0,3590.0,0.0695
3591.0,0.0,3591.0,0.0579
3592.0,0.0,3592.0,0.0927
3593.0,0.0,3593.0,0.0811
3594.0,0.0,3594.0,0.104
3595.0,0.521,3595.0,0.104
3596.0,0.0,3596.0,0.0695
3597.0,0.0,3597.0,0.0579
3598.0,0.0,3598.0,0.0463
3599.0,0.521,3599.0,0.0348
3600.0,0.0,3600.0,0.0
3601.0,0.0,3601.0,0.0116
3602.0,0.0,3602.0,0.0348
3603.0,0.0,3603.0,0.0
3604.0,0.0,3604.0,0.0116
3605.0,0.0,3605.0,0.0463
3606.0,0.0,3606.0,0.0348
3607.0,0.0,3607.0,0.0579
3608.0,0.0,3608.0,0.0463
3609.0,0.0,3609.0,0.0463
3610.0,0.0,3610.0,0.0695
3611.0,0.0,3611.0,0.127
3612.0,0.0,3612.0,0.174
3613.0,0.521,3613.0,0.0927
3614.0,0.0,3614.0,0.0348
3615.0,0.0,3615.0,0.0
3616.0,0.0,3616.0,0.0463
3617.0,0.0,3617.0,0.0
3618.0,0.0,3618.0,0.0579
3619.0,0.0,3619.0,0.127
3620.0,0.0,3620.0,0.0811
3621.0,0.0,3621.0,0.0579
3622.0,0.0,3622.0,0.0927
3623.0,0.521,3623.0,0.0463
3624.0,0.0,3624.0,0.0463
3625.0,0.0,3625.0,0.0695
3626.0,0.0,3626.0,0.116
3627.0,0.0,3627.0,0.116
3628.0,0.521,3628.0,0.116
3629.0,0.0,3629.0,0.0927
3630.0,0.0,3630.0,0.0695
3631.0,0.0,3631.0,0.0695
3632.0,0.521,3632.0,0.0695
3633.0,0.0,3633.0,0.0
3634.0,0.0,3634.0,0.0463
3635.0,0.0,3635.0,0.0116
3636.0,0.0,3636.0,0.0695
3637.0,0.0,3637.0,0.0695
3638.0,0.0,3638.0,0.0463
3639.0,0.0,3639.0,0.0579
3640.0,0.0,3640.0,0.0579
3641.0,0.0,3641.0,0.0811
3642.0,0.0,3642.0,0.116
3643.0,0.0,3643.0,0.104
3644.0,0.0,3644.0,0.0579
3645.0,0.521,3645.0,0.139
3646.0,0.0,3646.0,0.151
3647.0,0.0,3647.0,0.0927
3648.0,0.521,3648.0,0.0579
3649.0,0.0,3649.0,0.0348
3650.0,0.0,3650.0,0.0232
3651.0,0.0,3651.0,0.0695
3652.0,0.0,3652.0,0.0579
3653.0,0.0,3653.0,0.0695
3654.0,0.0,3654.0,0.0579
3655.0,0.0,3655.0,0.0579
3656.0,0.0,3656.0,0.0695
3657.0,0.0,3657.0,0.0695
3658.0,0.0,3658.0,0.0579
3659.0,0.0,3659.0,0.0579
3660.0,0.521,3660.0,0.0463
3661.0,0.0,3661.0,0.0579
3662.0,0.0,3662.0,0.0811
3663.0,0.0,3663.0,0.0579
3664.0,0.0,3664.0,0.104
3665.0,0.521,3665.0,0.0
3666.0,0.0,3666.0,0.0463
3667.0,0.0,3667.0,0.0116
3668.0,0.0,3668.0,0.0579
3669.0,0.0,3669.0,0.0579
3670.0,0.0,3670.0,0.0695
3671.0,0.0,3671.0,0.0811
3672.0,0.0,3672.0,0.0811
3673.0,0.0,3673.0,0.0927
3674.0,0.0,3674.0,0.0579
3675.0,0.0,3675.0,0.0463
3676.0,0.0,3676.0,0.0579
3677.0,0.521,3677.0,0.0811
3678.0,0.0,3678.0,0.0927
3679.0,0.0,3679.0,0.0463
3680.0,0.0,3680.0,0.0463
3681.0,0.0,3681.0,0.0116
3682.0,0.0,3682.0,0.0
3683.0,0.0,3683.0,0.0232
3684.0,0.0,3684.0,0.0232
3685.0,0.0,3685.0,0.0
3686.0,0.0,3686.0,0.0463
3687.0,0.0,3687.0,0.0695
3688.0,0.0,3688.0,0.0579
3689.0,0.0,3689.0,0.0579
3690.0,0.0,3690.0,0.0695
3691.0,0.0,3691.0,0.0927
3692.0,0.521,3692.0,0.0811
3693.0,0.0,3693.0,0.0811
3694.0,0.0,3694.0,0.0811
3695.0,0.0,3695.0,0.0579
3696.0,0.0,3696.0,0.0579
3697.0,0.521,3697.0,0.0116
3698.0,0.0,3698.0,0.0463
3699.0,0.0,3699.0,0.0579
3700.0,0.0,3700.0,0.0927
3701.0,0.0,3701.0,0.116
3702.0,0.521,3702.0,0.0
3703.0,0.0,3703.0,0.0232
3704.0,0.0,3704.0,0.0232
3705.0,0.0,3705.0,0.0116
3706.0,0.0,3706.0,0.0463
3707.0,0.0,3707.0,0.0463
3708.0,0.0,3708.0,0.0463
3709.0,0.0,3709.0,0.0463
3710.0,0.0,3710.0,0.0579
3711.0,0.0,3711.0,0.0695
3712.0,0.0,3712.0,0.0579
3713.0,0.0,3713.0,0.0927
3714.0,0.0,3714.0,0.0579
3715.0,0.0,3715.0,0.0463
3716.0,0.521,3716.0,0.104
3717.0,0.0,3717.0,0.127
3718.0,0.0,3718.0,0.0
3719.0,0.0,3719.0,0.0
3720.0,0.0,3720.0,0.0463
3721.0,0.0,3721.0,0.0
3722.0,0.0,3722.0,0.0811
3723.0,0.0,3723.0,0.0695
3724.0,0.0,3724.0,0.0695
3725.0,0.0,3725.0,0.0579
3726.0,0.521,3726.0,0.0695
3727.0,0.0,3727.0,0.0695
3728.0,0.0,3728.0,0.0463
3729.0,0.0,3729.0,0.0695
3730.0,0.0,3730.0,0.0695
3731.0,0.0,3731.0,0.0811
3732.0,0.0,3732.0,0.0927
3733.0,0.521,3733.0,0.0695
3734.0,0.0,3734.0,0.0579
3735.0,0.0,3735.0,0.0579
3736.0,0.0,3736.0,0.0
3737.0,0.0,3737.0,0.0463
3738.0,0.0,3738.0,0.0
3739.0,0.0,3739.0,0.0463
3740.0,0.0,3740.0,0.0579
3741.0,0.0,3741.0,0.0579
3742.0,0.0,3742.0,0.0579
3743.0,0.0,3743.0,0.0811
3744.0,0.521,3744.0,0.0927
3745.0,0.0,3745.0,0.0695
3746.0,0.0,3746.0,0.0811
3747.0,0.0,3747.0,0.0927
3748.0,0.0,3748.0,0.0579
3749.0,0.521,3749.0,0.0579
3750.0,0.0,3750.0,0.0348
3751.0,0.0,3751.0,0.0
3752.0,0.0,3752.0,0.0232
3753.0,0.0,3753.0,0.0232
3754.0,0.0,3754.0,0.0463
3755.0,0.0,3755.0,0.0811
3756.0,0.0,3756.0,0.0811
3757.0,0.0,3757.0,0.0695
3758.0,0.0,3758.0,0.0695
3759.0,0.0,3759.0,0.0811
3760.0,0.0,3760.0,0.0695
3761.0,0.0,3761.0,0.0695
3762.0,0.521,3762.0,0.0811
3763.0,0.0,3763.0,0.0695
3764.0,0.0,3764.0,0.0579
3765.0,0.0,3765.0,0.0695
3766.0,0.0,3766.0,0.0463
3767.0,0.521,3767.0,0.0695
3768.0,0.0,3768.0,0.0116
3769.0,0.0,3769.0,0.0348
3770.0,0.0,3770.0,0.0116
3771.0,0.0,3771.0,0.0579
3772.0,0.0,3772.0,0.0579
3773.0,0.0,3773.0,0.0695
3774.0,0.0,3774.0,0.0811
3775.0,0.0,3775.0,0.0695
3776.0,0.0,3776.0,0.0579
3777.0,0.0,3777.0,0.0695
3778.0,0.0,3778.0,0.116
3779.0,0.521,3779.0,0.104
3780.0,0.0,3780.0,0.0695
3781.0,0.0,3781.0,0.0811
3782.0,0.0,3782.0,0.0
3783.0,0.0,3783.0,0.0463
3784.0,0.0,3784.0,0.0116
3785.0,0.521,3785.0,0.0927
3786.0,0.0,3786.0,0.0811
3787.0,0.0,3787.0,0.0695
3788.0,0.0,3788.0,0.0695
3789.0,0.0,3789.0,0.0579
3790.0,0.0,3790.0,0.0695
3791.0,0.0,3791.0,0.0811
3792.0,0.0,3792.0,0.0695
3793.0,0.0,3793.0,0.0695
3794.0,0.521,3794.0,0.0579
3795.0,0.0,3795.0,0.0927
3796.0,0.0,3796.0,0.0695
3797.0,0.0,3797.0,0.0695
3798.0,0.0,3798.0,0.0463
3799.0,0.0,3799.0,0.0
3800.0,0.521,3800.0,0.0463
3801.0,0.0,3801.0,0.0232
3802.0,0.0,3802.0,0.0695
3803.0,0.0,3803.0,0.0579
3804.0,0.0,3804.0,0.0695
3805.0,0.0,3805.0,0.0695
3806.0,0.0,3806.0,0.0463
3807.0,0.0,3807.0,0.0463
3808.0,0.0,3808.0,0.0463
3809.0,0.0,3809.0,0.0579
3810.0,0.0,3810.0,0.0927
3811.0,0.0,3811.0,0.0811
3812.0,0.521,3812.0,0.0811
3813.0,0.0,3813.0,0.0927
3814.0,0.0,3814.0,0.0695
3815.0,0.0,3815.0,0.0463
3816.0,0.0,3816.0,0.0579
3817.0,0.0,3817.0,0.0348
3818.0,0.0,3818.0,0.0579
3819.0,0.0,3819.0,0.0579
3820.0,0.521,3820.0,0.104
3821.0,0.0,3821.0,0.0348
3822.0,0.0,3822.0,0.0695
3823.0,0.0,3823.0,0.0579
3824.0,0.0,3824.0,0.0579
3825.0,0.0,3825.0,0.0695
3826.0,0.0,3826.0,0.104
3827.0,0.521,3827.0,0.0579
3828.0,0.0,3828.0,0.0116
3829.0,0.0,3829.0,0.0348
3830.0,0.0,3830.0,0.116
3831.0,0.0,3831.0,0.0811
3832.0,0.0,3832.0,0.0811
3833.0,0.0,3833.0,0.0695
3834.0,0.0,3834.0,0.0579
3835.0,0.521,3835.0,0.0579
3836.0,0.0,3836.0,0.0463
3837.0,0.0,3837.0,0.0811
3838.0,0.0,3838.0,0.0811
3839.0,0.0,3839.0,0.0695
3840.0,0.0,3840.0,0.0927
3841.0,0.521,3841.0,0.0695
3842.0,0.0,3842.0,0.0579
3843.0,0.0,3843.0,0.0348
3844.0,0.0,3844.0,0.0811
3845.0,0.0,3845.0,0.0811
3846.0,0.0,3846.0,0.0927
3847.0,0.0,3847.0,0.0811
3848.0,0.0,3848.0,0.0579
3849.0,0.0,3849.0,0.0695
3850.0,0.521,3850.0,0.0579
3851.0,0.0,3851.0,0.0579
3852.0,0.0,3852.0,0.0695
3853.0,0.0,3853.0,0.0695
3854.0,0.0,3854.0,0.0695
3855.0,0.0,3855.0,0.0811
3856.0,0.521,3856.0,0.0463
3857.0,0.0,3857.0,0.0348
3858.0,0.0,3858.0,0.0463
3859.0,0.0,3859.0,0.0695
3860.0,0.0,3860.0,0.0579
3861.0,0.0,3861.0,0.0811
3862.0,0.0,3862.0,0.0695
3863.0,0.0,3863.0,0.0463
3864.0,0.0,3864.0,0.0695
3865.0,0.0,3865.0,0.0463
3866.0,0.0,3866.0,0.0695
3867.0,0.0,3867.0,0.0579
3868.0,0.521,3868.0,0.0695
3869.0,0.0,3869.0,0.0579
3870.0,0.0,3870.0,0.0695
3871.0,0.0,3871.0,0.104
3872.0,0.521,3872.0,0.0463
3873.0,0.0,3873.0,0.0695
3874.0,0.0,3874.0,0.0579
3875.0,0.0,3875.0,0.0695
3876.0,0.0,3876.0,0.0579
3877.0,0.0,3877.0,0.0463
3878.0,0.0,3878.0,0.0811
3879.0,0.0,3879.0,0.0811
3880.0,0.0,3880.0,0.0463
3881.0,0.0,3881.0,0.0811
3882.0,0.0,3882.0,0.0579
3883.0,0.521,3883.0,0.0579
3884.0,0.0,3884.0,0.0695
3885.0,0.0,3885.0,0.0463
3886.0,0.0,3886.0,0.0463
3887.0,0.0,3887.0,0.0695
3888.0,0.0,3888.0,0.0695
3889.0,0.0,3889.0,0.0579
3890.0,0.0,3890.0,0.0695
3891.0,0.521,3891.0,0.0579
3892.0,0.0,3892.0,0.0695
3893.0,0.0,3893.0,0.0695
3894.0,0.0,3894.0,0.0579
3895.0,0.0,3895.0,0.0695
3896.0,0.0,3896.0,0.0927
3897.0,0.0,3897.0,0.0695
3898.0,0.521,3898.0,0.0579
3899.0,0.0,3899.0,0.0232
3900.0,0.0,3900.0,0.0463
3901.0,0.0,3901.0,0.0927
3902.0,0.0,3902.0,0.0811
3903.0,0.0,3903.0,0.0695
3904.0,0.0,3904.0,0.0579
3905.0,0.0,3905.0,0.0463
3906.0,0.0,3906.0,0.0579
3907.0,0.0,3907.0,0.0695
3908.0,0.521,3908.0,0.0811
3909.0,0.0,3909.0,0.0695
3910.0,0.0,3910.0,0.0927
3911.0,0.0,3911.0,0.0579
3912.0,0.0,3912.0,0.0463
3913.0,0.0,3913.0,0.0463
3914.0,0.0,3914.0,0.0348
3915.0,0.521,3915.0,0.0579
3916.0,0.0,3916.0,0.0463
3917.0,0.0,3917.0,0.0695
3918.0,0.0,3918.0,0.0579
3919.0,0.0,3919.0,0.0695
3920.0,0.0,3920.0,0.0463
3921.0,0.0,3921.0,0.0579
3922.0,0.0,3922.0,0.0927
3923.0,0.0,3923.0,0.0927
3924.0,0.521,3924.0,0.0927
3925.0,0.0,3925.0,0.0579
3926.0,0.0,3926.0,0.0927
3927.0,0.0,3927.0,0.0116
3928.0,0.0,3928.0,0.0463
3929.0,0.0,3929.0,0.0579
3930.0,0.0,3930.0,0.0695
3931.0,0.0,3931.0,0.0579
3932.0,0.521,3932.0,0.0695
3933.0,0.0,3933.0,0.0463
3934.0,0.0,3934.0,0.0579
3935.0,0.0,3935.0,0.0695
3936.0,0.0,3936.0,0.0811
3937.0,0.0,3937.0,0.104
3938.0,0.0,3938.0,0.0695
3939.0,0.521,3939.0,0.0811
3940.0,0.0,3940.0,0.0463
3941.0,0.0,3941.0,0.0348
3942.0,0.0,3942.0,0.0579
3943.0,0.0,3943.0,0.0579
3944.0,0.0,3944.0,0.0579
3945.0,0.0,3945.0,0.0579
3946.0,0.0,3946.0,0.0579
3947.0,0.0,3947.0,0.0695
3948.0,0.0,3948.0,0.0579
3949.0,0.521,3949.0,0.0579
3950.0,0.0,3950.0,0.0811
3951.0,0.0,3951.0,0.0811
3952.0,0.0,3952.0,0.0811
3953.0,0.0,3953.0,0.0463
3954.0,0.0,3954.0,0.0463
3955.0,0.0,3955.0,0.0463
3956.0,0.0,3956.0,0.0579
3957.0,0.521,3957.0,0.0579
3958.0,0.0,3958.0,0.0695
3959.0,0.0,3959.0,0.0579
3960.0,0.0,3960.0,0.0811
3961.0,0.0,3961.0,0.0348
3962.0,0.0,3962.0,0.0579
3963.0,0.0,3963.0,0.0811
3964.0,0.0,3964.0,0.0927
3965.0,0.521,3965.0,0.0695
3966.0,0.0,3966.0,0.0463
3967.0,0.0,3967.0,0.0579
3968.0,0.0,3968.0,0.0579
3969.0,0.0,3969.0,0.0579
3970.0,0.0,3970.0,0.0695
3971.0,0.0,3971.0,0.0463
3972.0,0.0,3972.0,0.0579
3973.0,0.0,3973.0,0.0463
3974.0,0.521,3974.0,0.0695
3975.0,0.0,3975.0,0.0579
3976.0,0.0,3976.0,0.0463
3977.0,0.0,3977.0,0.0927
3978.0,0.0,3978.0,0.0695
3979.0,0.0,3979.0,0.0463
3980.0,0.0,3980.0,0.0463
3981.0,0.0,3981.0,0.0695
3982.0,0.521,3982.0,0.0695
3983.0,0.0,3983.0,0.0695
3984.0,0.0,3984.0,0.0463
3985.0,0.0,3985.0,0.0579
3986.0,0.0,3986.0,0.0579
3987.0,0.0,3987.0,0.0463
3988.0,0.0,3988.0,0.0695
3989.0,0.0,3989.0,0.0463
3990.0,0.0,3990.0,0.0695
3991.0,0.521,3991.0,0.0811
3992.0,0.0,3992.0,0.0463
3993.0,0.0,3993.0,0.0463
3994.0,0.0,3994.0,0.0811
3995.0,0.0,3995.0,0.0463
3996.0,0.0,3996.0,0.0579
3997.0,0.0,3997.0,0.0463
3998.0,0.0,3998.0,0.0579
3999.0,0.0,3999.0,0.0695
4000.0,0.521,4000.0,0.0579
4001.0,0.0,4001.0,0.0348
4002.0,0.0,4002.0,0.0348
4003.0,0.0,4003.0,0.0811
4004.0,0.0,4004.0,0.0463
4005.0,0.0,4005.0,0.0579
4006.0,0.0,4006.0,0.0463
4007.0,0.0,4007.0,0.0463
4008.0,0.0,4008.0,0.0811
4009.0,0.521,4009.0,0.0463
4010.0,0.0,4010.0,0.0579
4011.0,0.0,4011.0,0.0463
4012.0,0.0,4012.0,0.0579
4013.0,0.0,4013.0,0.0579
4014.0,0.0,4014.0,0.0579
4015.0,0.0,4015.0,0.0695
4016.0,0.0,4016.0,0.0579
4017.0,0.0,4017.0,0.0463
4018.0,0.521,4018.0,0.0579
4019.0,0.0,4019.0,0.0695
4020.0,0.0,4020.0,0.0116
4021.0,0.0,4021.0,0.0463
4022.0,0.0,4022.0,0.0695
4023.0,0.0,4023.0,0.0579
4024.0,0.0,4024.0,0.0463
4025.0,0.0,4025.0,0.0463
4026.0,0.0,4026.0,0.0579
4027.0,0.0,4027.0,0.0579
4028.0,0.0,4028.0,0.0695
4029.0,0.0,4029.0,0.0579
4030.0,0.521,4030.0,0.0579
4031.0,0.0,4031.0,0.0811
4032.0,0.0,4032.0,0.0463
4033.0,0.0,4033.0,0.0579
4034.0,0.0,4034.0,0.0927
4035.0,0.0,4035.0,0.0348
4036.0,0.0,4036.0,0.0232
4037.0,0.0,4037.0,0.0579
4038.0,0.521,4038.0,0.0579
4039.0,0.0,4039.0,0.0695
4040.0,0.0,4040.0,0.0463
4041.0,0.0,4041.0,0.0579
4042.0,0.0,4042.0,0.0463
4043.0,0.0,4043.0,0.0579
4044.0,0.0,4044.0,0.0695
4045.0,0.0,4045.0,0.0579
4046.0,0.0,4046.0,0.0695
4047.0,0.521,4047.0,0.0695
4048.0,0.0,4048.0,0.0348
4049.0,0.0,4049.0,0.0463
4050.0,0.0,4050.0,0.0
4051.0,0.0,4051.0,0.0695
4052.0,0.0,4052.0,0.0463
4053.0,0.0,4053.0,0.0579
4054.0,0.0,4054.0,0.0927
4055.0,0.0,4055.0,0.0463
4056.0,0.0,4056.0,0.0348
4057.0,0.0,4057.0,0.0463
4058.0,0.0,4058.0,0.0579
4059.0,0.521,4059.0,0.0695
4060.0,0.0,4060.0,0.0579
4061.0,0.0,4061.0,0.0579
4062.0,0.0,4062.0,0.0463
4063.0,0.0,4063.0,0.0348
4064.0,0.0,4064.0,0.0116
4065.0,0.0,4065.0,0.0348
4066.0,0.0,4066.0,0.0463
4067.0,0.0,4067.0,0.0348
4068.0,0.0,4068.0,0.0811
4069.0,0.521,4069.0,0.0811
4070.0,0.0,4070.0,0.0695
4071.0,0.0,4071.0,0.0579
4072.0,0.0,4072.0,0.0463
4073.0,0.0,4073.0,0.0463
4074.0,0.0,4074.0,0.0695
4075.0,0.0,4075.0,0.0695
4076.0,0.521,4076.0,0.0927
4077.0,0.0,4077.0,0.0116
4078.0,0.0,4078.0,0.0463
4079.0,0.0,4079.0,0.0232
4080.0,0.0,4080.0,0.0463
4081.0,0.0,4081.0,0.0579
4082.0,0.0,4082.0,0.0927
4083.0,0.0,4083.0,0.0927
4084.0,0.0,4084.0,0.0579
4085.0,0.0,4085.0,0.0695
4086.0,0.521,4086.0,0.0579
4087.0,0.0,4087.0,0.0695
4088.0,0.0,4088.0,0.0463
4089.0,0.0,4089.0,0.0579
4090.0,0.0,4090.0,0.0695
4091.0,0.0,4091.0,0.0463
4092.0,0.0,4092.0,0.0463
4093.0,0.521,4093.0,0.0116
4094.0,0.0,4094.0,0.0927
4095.0,0.0,4095.0,0.116
4096.0,0.0,4096.0,0.0811
4097.0,0.0,4097.0,0.0579
4098.0,0.0,4098.0,0.0695
4099.0,0.0,4099.0,0.0579
4100.0,0.0,4100.0,0.0463
4101.0,0.0,4101.0,0.0811
4102.0,0.0,4102.0,0.0695
4103.0,0.521,4103.0,0.0811
4104.0,0.0,4104.0,0.0579
4105.0,0.0,4105.0,0.0695
4106.0,0.0,4106.0,0.0695
4107.0,0.0,4107.0,0.151
4108.0,0.521,4108.0,0.0811
4109.0,0.0,4109.0,0.0695
4110.0,0.0,4110.0,0.0695
4111.0,0.0,4111.0,0.0695
4112.0,0.0,4112.0,0.0579
4113.0,0.0,4113.0,0.0463
4114.0,0.0,4114.0,0.0579
4115.0,0.0,4115.0,0.0579
4116.0,0.0,4116.0,0.0463
4117.0,0.521,4117.0,0.0695
4118.0,0.0,4118.0,0.0579
4119.0,0.0,4119.0,0.0579
4120.0,0.0,4120.0,0.0116
4121.0,0.0,4121.0,0.0463
4122.0,0.0,4122.0,0.0232
4123.0,0.0,4123.0,0.0695
4124.0,0.0,4124.0,0.0579
4125.0,0.0,4125.0,0.0927
4126.0,0.0,4126.0,0.0695
4127.0,0.0,4127.0,0.0579
4128.0,0.521,4128.0,0.0579
4129.0,0.0,4129.0,0.0579
4130.0,0.0,4130.0,0.0695
4131.0,0.0,4131.0,0.0695
4132.0,0.0,4132.0,0.0579
4133.0,0.0,4133.0,0.0695
4134.0,0.0,4134.0,0.0927
4135.0,0.521,4135.0,0.104
4136.0,0.0,4136.0,0.0
4137.0,0.0,4137.0,0.0463
4138.0,0.0,4138.0,0.0
4139.0,0.0,4139.0,0.0
4140.0,0.0,4140.0,0.0579
4141.0,0.0,4141.0,0.0811
4142.0,0.0,4142.0,0.0811
4143.0,0.0,4143.0,0.0811
4144.0,0.0,4144.0,0.0695
4145.0,0.0,4145.0,0.0811
4146.0,0.521,4146.0,0.0695
4147.0,0.0,4147.0,0.0927
4148.0,0.0,4148.0,0.0695
4149.0,0.0,4149.0,0.0579
4150.0,0.0,4150.0,0.0695
4151.0,0.0,4151.0,0.104
4152.0,0.0,4152.0,0.116
4153.0,0.0,4153.0,0.0811
4154.0,0.521,4154.0,0.0695
4155.0,0.0,4155.0,0.0811
4156.0,0.0,4156.0,0.0927
4157.0,0.0,4157.0,0.0927
4158.0,0.0,4158.0,0.0695
4159.0,0.521,4159.0,0.0579
4160.0,0.0,4160.0,0.0579
4161.0,0.0,4161.0,0.0
4162.0,0.0,4162.0,0.0
4163.0,0.0,4163.0,0.0463
4164.0,0.0,4164.0,0.0
4165.0,0.0,4165.0,0.0
4166.0,0.0,4166.0,0.0579
4167.0,0.0,4167.0,0.127
4168.0,0.0,4168.0,0.116
4169.0,0.0,4169.0,0.151
4170.0,0.0,4170.0,0.0927
4171.0,0.521,4171.0,0.104
4172.0,0.0,4172.0,0.0927
4173.0,0.0,4173.0,0.0927
4174.0,0.0,4174.0,0.0811
4175.0,0.0,4175.0,0.104
4176.0,0.521,4176.0,0.0927
4177.0,0.0,4177.0,0.0695
4178.0,0.0,4178.0,0.0695
4179.0,0.0,4179.0,0.0695
4180.0,0.0,4180.0,0.104
4181.0,0.0,4181.0,0.0927
4182.0,0.521,4182.0,0.0927
4183.0,0.0,4183.0,0.104
4184.0,0.521,4184.0,0.127
4185.0,0.0,4185.0,0.0463
4186.0,0.0,4186.0,0.0695
4187.0,0.0,4187.0,0.127
4188.0,0.0,4188.0,0.0811
4189.0,0.0,4189.0,0.0695
4190.0,0.0,4190.0,0.0695
4191.0,0.0,4191.0,0.0579
4192.0,0.521,4192.0,0.0579
4193.0,0.0,4193.0,0.0927
4194.0,0.0,4194.0,0.0463
4195.0,0.0,4195.0,0.0811
4196.0,0.0,4196.0,0.0695
4197.0,0.0,4197.0,0.104
4198.0,0.521,4198.0,0.0695
4199.0,0.0,4199.0,0.0927
4200.0,0.0,4200.0,0.116
4201.0,0.0,4201.0,0.116
4202.0,0.0,4202.0,0.0927
4203.0,0.0,4203.0,0.0695
4204.0,0.521,4204.0,0.0811
4205.0,0.0,4205.0,0.0463
4206.0,0.0,4206.0,0.0695
4207.0,0.0,4207.0,0.0463
4208.0,0.0,4208.0,0.0695
4209.0,0.0,4209.0,0.0579
4210.0,0.0,4210.0,0.0579
4211.0,0.0,4211.0,0.0579
4212.0,0.521,4212.0,0.0579
4213.0,0.0,4213.0,0.0348
4214.0,0.0,4214.0,0.116
4215.0,0.0,4215.0,0.0927
4216.0,0.0,4216.0,0.0811
4217.0,0.0,4217.0,0.0927
4218.0,0.0,4218.0,0.0579
4219.0,0.0,4219.0,0.0579
4220.0,0.521,4220.0,0.0579
4221.0,0.0,4221.0,0.104
4222.0,0.0,4222.0,0.0463
4223.0,0.0,4223.0,0.0463
4224.0,0.0,4224.0,0.0695
4225.0,0.0,4225.0,0.0579
4226.0,0.0,4226.0,0.0
4227.0,0.521,4227.0,0.0116
4228.0,0.0,4228.0,0.0463
4229.0,0.0,4229.0,0.0811
4230.0,0.0,4230.0,0.0463
4231.0,0.0,4231.0,0.0695
4232.0,0.0,4232.0,0.0579
4233.0,0.0,4233.0,0.0579
4234.0,0.0,4234.0,0.0695
4235.0,0.0,4235.0,0.0348
4236.0,0.0,4236.0,0.0579
4237.0,0.0,4237.0,0.0348
4238.0,0.0,4238.0,0.0579
4239.0,0.0,4239.0,0.0579
4240.0,0.521,4240.0,0.0695
4241.0,0.0,4241.0,0.0116
4242.0,0.0,4242.0,0.0116
4243.0,0.0,4243.0,0.0348
4244.0,0.0,4244.0,0.0811
4245.0,0.0,4245.0,0.0579
4246.0,0.0,4246.0,0.0579
4247.0,0.0,4247.0,0.0463
4248.0,0.0,4248.0,0.0695
4249.0,0.0,4249.0,0.0579
4250.0,0.0,4250.0,0.0695
4251.0,0.521,4251.0,0.0232
4252.0,0.0,4252.0,0.0463
4253.0,0.0,4253.0,0.0463
4254.0,0.0,4254.0,0.0463
4255.0,0.0,4255.0,0.0695
4256.0,0.0,4256.0,0.0579
4257.0,0.521,4257.0,0.0463
4258.0,0.0,4258.0,0.0348
4259.0,0.0,4259.0,0.0579
4260.0,0.0,4260.0,0.0463
4261.0,0.0,4261.0,0.0463
4262.0,0.0,4262.0,0.0348
4263.0,0.0,4263.0,0.0348
4264.0,0.0,4264.0,0.0463
4265.0,0.0,4265.0,0.0579
4266.0,0.0,4266.0,0.0695
4267.0,0.0,4267.0,0.0927
4268.0,0.0,4268.0,0.0348
4269.0,0.521,4269.0,0.0579
4270.0,0.0,4270.0,0.0811
4271.0,0.0,4271.0,0.0463
4272.0,0.0,4272.0,0.0579
4273.0,0.0,4273.0,0.0579
4274.0,0.0,4274.0,0.0579
4275.0,0.0,4275.0,0.0695
4276.0,0.0,4276.0,0.0463
4277.0,0.0,4277.0,0.0348
4278.0,0.0,4278.0,0.0463
4279.0,0.0,4279.0,0.0463
4280.0,0.521,4280.0,0.0579
4281.0,0.0,4281.0,0.0579
4282.0,0.0,4282.0,0.0579
4283.0,0.0,4283.0,0.104
4284.0,0.0,4284.0,0.0232
4285.0,0.0,4285.0,0.0811
4286.0,0.521,4286.0,0.0695
4287.0,0.0,4287.0,0.0463
4288.0,0.0,4288.0,0.0579
4289.0,0.0,4289.0,0.0463
4290.0,0.0,4290.0,0.0579
4291.0,0.0,4291.0,0.0579
4292.0,0.0,4292.0,0.0348
4293.0,0.0,4293.0,0.0579
4294.0,0.0,4294.0,0.0579
4295.0,0.0,4295.0,0.0579
4296.0,0.0,4296.0,0.0348
4297.0,0.521,4297.0,0.0695
4298.0,0.0,4298.0,0.0348
4299.0,0.0,4299.0,0.0811
4300.0,0.0,4300.0,0.0579
4301.0,0.0,4301.0,0.0463
4302.0,0.0,4302.0,0.0579
4303.0,0.0,4303.0,0.0579
4304.0,0.0,4304.0,0.0348
4305.0,0.0,4305.0,0.0463
4306.0,0.0,4306.0,0.0579
4307.0,0.0,4307.0,0.0579
4308.0,0.521,4308.0,0.0463
4309.0,0.0,4309.0,0.0579
4310.0,0.0,4310.0,0.0695
4311.0,0.0,4311.0,0.0695
4312.0,0.0,4312.0,0.0348
4313.0,0.0,4313.0,0.0348
4314.0,0.0,4314.0,0.0348
4315.0,0.0,4315.0,0.0463
4316.0,0.0,4316.0,0.0463
4317.0,0.0,4317.0,0.0348
4318.0,0.0,4318.0,0.0463
4319.0,0.0,4319.0,0.0463
4320.0,0.0,4320.0,0.0463
4321.0,0.521,4321.0,0.0463
4322.0,0.0,4322.0,0.0811
4323.0,0.0,4323.0,0.0579
4324.0,0.0,4324.0,0.0927
4325.0,0.0,4325.0,0.0579
4326.0,0.521,4326.0,0.0116
4327.0,0.0,4327.0,0.0463
4328.0,0.0,4328.0,0.0
4329.0,0.0,4329.0,0.0463
4330.0,0.0,4330.0,0.0463
4331.0,0.0,4331.0,0.0463
4332.0,0.0,4332.0,0.0463
4333.0,0.0,4333.0,0.0463
4334.0,0.0,4334.0,0.0579
4335.0,0.0,4335.0,0.0463
4336.0,0.0,4336.0,0.0579
4337.0,0.0,4337.0,0.127
4338.0,0.521,4338.0,0.0695
4339.0,0.0,4339.0,0.0579
4340.0,0.0,4340.0,0.0811
4341.0,0.0,4341.0,0.0232
4342.0,0.0,4342.0,0.0463
4343.0,0.0,4343.0,0.0116
4344.0,0.0,4344.0,0.0579
4345.0,0.0,4345.0,0.0579
4346.0,0.0,4346.0,0.0463
4347.0,0.0,4347.0,0.0463
4348.0,0.0,4348.0,0.0463
4349.0,0.0,4349.0,0.0579
4350.0,0.521,4350.0,0.104
4351.0,0.0,4351.0,0.0579
4352.0,0.0,4352.0,0.0579
4353.0,0.0,4353.0,0.0695
4354.0,0.0,4354.0,0.0695
4355.0,0.521,4355.0,0.0811
4356.0,0.0,4356.0,0.0116
4357.0,0.0,4357.0,0.0348
4358.0,0.0,4358.0,0.0348
4359.0,0.0,4359.0,0.0463
4360.0,0.0,4360.0,0.0463
4361.0,0.0,4361.0,0.0579
4362.0,0.0,4362.0,0.0463
4363.0,0.0,4363.0,0.0811
4364.0,0.0,4364.0,0.116
4365.0,0.0,4365.0,0.0579
4366.0,0.521,4366.0,0.0811
4367.0,0.0,4367.0,0.0695
4368.0,0.0,4368.0,0.0463
4369.0,0.0,4369.0,0.0695
4370.0,0.0,4370.0,0.0695
4371.0,0.0,4371.0,0.0
4372.0,0.0,4372.0,0.0463
4373.0,0.0,4373.0,0.0
4374.0,0.0,4374.0,0.0463
4375.0,0.0,4375.0,0.0579
4376.0,0.0,4376.0,0.0695
4377.0,0.0,4377.0,0.0811
4378.0,0.521,4378.0,0.0695
4379.0,0.0,4379.0,0.0695
4380.0,0.0,4380.0,0.0695
4381.0,0.0,4381.0,0.0579
4382.0,0.0,4382.0,0.0579
4383.0,0.0,4383.0,0.0811
4384.0,0.0,4384.0,0.116
4385.0,0.521,4385.0,0.0811
4386.0,0.0,4386.0,0.0116
4387.0,0.0,4387.0,0.0348
4388.0,0.0,4388.0,0.0348
4389.0,0.0,4389.0,0.0695
4390.0,0.0,4390.0,0.0579
4391.0,0.0,4391.0,0.0579
4392.0,0.521,4392.0,0.0695
4393.0,0.0,4393.0,0.0695
4394.0,0.0,4394.0,0.0579
4395.0,0.0,4395.0,0.0811
4396.0,0.0,4396.0,0.0927
4397.0,0.0,4397.0,0.116
4398.0,0.0,4398.0,0.0579
4399.0,0.0,4399.0,0.127
4400.0,0.0,4400.0,0.185
4401.0,0.521,4401.0,0.0927
4402.0,0.0,4402.0,0.0
4403.0,0.0,4403.0,0.0116
4404.0,0.0,4404.0,0.0348
4405.0,0.0,4405.0,0.0
4406.0,0.521,4406.0,0.0463
4407.0,0.0,4407.0,0.0695
4408.0,0.0,4408.0,0.0695
4409.0,0.0,4409.0,0.0811
4410.0,0.0,4410.0,0.0695
4411.0,0.0,4411.0,0.0695
4412.0,0.0,4412.0,0.127
4413.0,0.0,4413.0,0.127
4414.0,0.0,4414.0,0.116
4415.0,0.521,4415.0,0.0927
4416.0,0.0,4416.0,0.0811
4417.0,0.0,4417.0,0.0811
4418.0,0.0,4418.0,0.0695
4419.0,0.0,4419.0,0.0
4420.0,0.0,4420.0,0.0
4421.0,0.521,4421.0,0.0
4422.0,0.0,4422.0,0.0463
4423.0,0.0,4423.0,0.0116
4424.0,0.0,4424.0,0.104
4425.0,0.0,4425.0,0.104
4426.0,0.0,4426.0,0.0927
4427.0,0.0,4427.0,0.0811
4428.0,0.0,4428.0,0.0695
4429.0,0.0,4429.0,0.0811
4430.0,0.0,4430.0,0.0811
4431.0,0.521,4431.0,0.0695
4432.0,0.0,4432.0,0.0695
4433.0,0.0,4433.0,0.0463
4434.0,0.0,4434.0,0.0579
4435.0,0.0,4435.0,0.0579
4436.0,0.0,4436.0,0.0232
4437.0,0.0,4437.0,0.0348
4438.0,0.521,4438.0,0.0579
4439.0,0.0,4439.0,0.0695
4440.0,0.0,4440.0,0.0927
4441.0,0.0,4441.0,0.104
4442.0,0.0,4442.0,0.0695
4443.0,0.0,4443.0,0.0348
4444.0,0.0,4444.0,0.0811
4445.0,0.0,4445.0,0.0348
4446.0,0.521,4446.0,0.0579
4447.0,0.0,4447.0,0.0116
4448.0,0.0,4448.0,0.0463
4449.0,0.0,4449.0,0.0348
4450.0,0.0,4450.0,0.0
4451.0,0.0,4451.0,0.0463
4452.0,0.0,4452.0,0.0695
4453.0,0.0,4453.0,0.0811
4454.0,0.0,4454.0,0.0579
4455.0,0.0,4455.0,0.0579
4456.0,0.0,4456.0,0.0927
4457.0,0.0,4457.0,0.0579
4458.0,0.521,4458.0,0.0463
4459.0,0.0,4459.0,0.116
4460.0,0.0,4460.0,0.0348
4461.0,0.0,4461.0,0.0579
4462.0,0.0,4462.0,0.0811
4463.0,0.0,4463.0,0.0348
4464.0,0.0,4464.0,0.0
4465.0,0.0,4465.0,0.0232
4466.0,0.521,4466.0,0.0232
4467.0,0.0,4467.0,0.0
4468.0,0.0,4468.0,0.0
4469.0,0.0,4469.0,0.0579
4470.0,0.0,4470.0,0.0927
4471.0,0.0,4471.0,0.0811
4472.0,0.0,4472.0,0.104
4473.0,0.0,4473.0,0.104
4474.0,0.0,4474.0,0.127
4475.0,0.0,4475.0,0.0927
4476.0,0.0,4476.0,0.0927
4477.0,0.521,4477.0,0.127
4478.0,0.0,4478.0,0.151
4479.0,0.0,4479.0,0.0927
4480.0,0.0,4480.0,0.0695
4481.0,0.0,4481.0,0.0348
4482.0,0.521,4482.0,0.0
4483.0,0.0,4483.0,0.0
4484.0,0.0,4484.0,0.0116
4485.0,0.0,4485.0,0.0348
4486.0,0.0,4486.0,0.0695
4487.0,0.0,4487.0,0.0927
4488.0,0.0,4488.0,0.0927
4489.0,0.0,4489.0,0.0927
4490.0,0.0,4490.0,0.127
4491.0,0.0,4491.0,0.197
4492.0,0.521,4492.0,0.104
4493.0,0.0,4493.0,0.0579
4494.0,0.0,4494.0,0.0695
4495.0,0.0,4495.0,0.0811
4496.0,0.0,4496.0,0.0927
4497.0,0.521,4497.0,0.0927
4498.0,0.0,4498.0,0.0116
4499.0,0.0,4499.0,0.0
4500.0,0.0,4500.0,0.0463
4501.0,0.0,4501.0,0.116
4502.0,0.521,4502.0,0.104
4503.0,0.0,4503.0,0.174
4504.0,0.0,4504.0,0.127
4505.0,0.0,4505.0,0.0811
4506.0,0.0,4506.0,0.0811
4507.0,0.0,4507.0,0.0811
4508.0,0.0,4508.0,0.104
4509.0,0.0,4509.0,0.0463
4510.0,0.521,4510.0,0.0579
4511.0,0.0,4511.0,0.0
4512.0,0.0,4512.0,0.0
4513.0,0.0,4513.0,0.0348
4514.0,0.0,4514.0,0.0116
4515.0,0.0,4515.0,0.0116
4516.0,0.0,4516.0,0.209
4517.0,0.521,4517.0,0.139
4518.0,0.0,4518.0,0.151
4519.0,0.0,4519.0,0.104
4520.0,0.0,4520.0,0.104
4521.0,0.0,4521.0,0.127
4522.0,0.0,4522.0,0.104
4523.0,0.0,4523.0,0.0811
4524.0,0.521,4524.0,0.0927
4525.0,0.0,4525.0,0.0927
4526.0,0.0,4526.0,0.0811
4527.0,0.0,4527.0,0.0811
4528.0,0.0,4528.0,0.0579
4529.0,0.521,4529.0,0.0
4530.0,0.0,4530.0,0.0463
4531.0,0.0,4531.0,0.116
4532.0,0.0,4532.0,0.139
4533.0,0.0,4533.0,0.116
4534.0,0.0,4534.0,0.116
4535.0,0.0,4535.0,0.139
4536.0,0.521,4536.0,0.127
4537.0,0.0,4537.0,0.0695
4538.0,0.0,4538.0,0.0695
4539.0,0.0,4539.0,0.0695
4540.0,0.0,4540.0,0.127
4541.0,0.521,4541.0,0.0463
4542.0,0.0,4542.0,0.0
4543.0,0.0,4543.0,0.0
4544.0,0.0,4544.0,0.0
4545.0,0.0,4545.0,0.0463
4546.0,0.0,4546.0,0.0
4547.0,0.0,4547.0,0.0116
4548.0,0.521,4548.0,0.127
4549.0,0.0,4549.0,0.116
4550.0,0.0,4550.0,0.139
4551.0,0.0,4551.0,0.197
4552.0,0.0,4552.0,0.127
4553.0,0.0,4553.0,0.151
4554.0,0.0,4554.0,0.185
4555.0,0.0,4555.0,0.151
4556.0,0.521,4556.0,0.116
4557.0,0.0,4557.0,0.127
4558.0,0.0,4558.0,0.104
4559.0,0.0,4559.0,0.0695
4560.0,0.0,4560.0,0.0463
4561.0,0.521,4561.0,0.0
4562.0,0.0,4562.0,0.0
4563.0,0.521,4563.0,0.0
4564.0,0.0,4564.0,0.0463
4565.0,0.0,4565.0,0.0695
4566.0,0.0,4566.0,0.151
4567.0,0.0,4567.0,0.127
4568.0,0.0,4568.0,0.116
4569.0,0.0,4569.0,0.116
4570.0,0.0,4570.0,0.174
4571.0,0.521,4571.0,0.0811
4572.0,0.0,4572.0,0.127
4573.0,0.0,4573.0,0.0927
4574.0,0.0,4574.0,0.0463
4575.0,0.0,4575.0,0.104
4576.0,0.0,4576.0,0.0695
4577.0,0.521,4577.0,0.0
4578.0,0.0,4578.0,0.0
4579.0,0.0,4579.0,0.0463
4580.0,0.0,4580.0,0.0
4581.0,0.0,4581.0,0.0811
4582.0,0.0,4582.0,0.104
4583.0,0.0,4583.0,0.127
4584.0,0.0,4584.0,0.139
4585.0,0.0,4585.0,0.116
4586.0,0.521,4586.0,0.116
4587.0,0.0,4587.0,0.151
4588.0,0.0,4588.0,0.174
4589.0,0.0,4589.0,0.127
4590.0,0.0,4590.0,0.0927
4591.0,0.0,4591.0,0.104
4592.0,0.521,4592.0,0.116
4593.0,0.0,4593.0,0.0
4594.0,0.0,4594.0,0.0
4595.0,0.521,4595.0,0.0463
4596.0,0.0,4596.0,0.0116
4597.0,0.0,4597.0,0.116
4598.0,0.0,4598.0,0.116
4599.0,0.0,4599.0,0.127
4600.0,0.0,4600.0,0.127
4601.0,0.0,4601.0,0.162
4602.0,0.0,4602.0,0.104
4603.0,0.521,4603.0,0.0116
4604.0,0.0,4604.0,0.0927
4605.0,0.0,4605.0,0.0927
4606.0,0.0,4606.0,0.0927
4607.0,0.0,4607.0,0.104
4608.0,0.521,4608.0,0.0116
4609.0,0.0,4609.0,0.0
4610.0,0.0,4610.0,0.0463
4611.0,0.0,4611.0,0.0348
4612.0,0.521,4612.0,0.0927
4613.0,0.0,4613.0,0.127
4614.0,0.0,4614.0,0.0811
4615.0,0.0,4615.0,0.0927
4616.0,0.0,4616.0,0.0811
4617.0,0.0,4617.0,0.0463
4618.0,0.0,4618.0,0.0579
4619.0,0.0,4619.0,0.0348
4620.0,0.0,4620.0,0.0579
4621.0,0.521,4621.0,0.0348
4622.0,0.0,4622.0,0.0811
4623.0,0.0,4623.0,0.0
4624.0,0.0,4624.0,0.0
4625.0,0.0,4625.0,0.0116
4626.0,0.0,4626.0,0.0348
4627.0,0.0,4627.0,0.0811
4628.0,0.0,4628.0,0.116
4629.0,0.521,4629.0,0.127
4630.0,0.0,4630.0,0.151
4631.0,0.0,4631.0,0.139
4632.0,0.0,4632.0,0.151
4633.0,0.521,4633.0,0.151
4634.0,0.0,4634.0,0.151
4635.0,0.0,4635.0,0.104
4636.0,0.0,4636.0,0.116
4637.0,0.0,4637.0,0.0811
4638.0,0.521,4638.0,0.0
4639.0,0.0,4639.0,0.0463
4640.0,0.0,4640.0,0.174
4641.0,0.0,4641.0,0.162
4642.0,0.0,4642.0,0.151
4643.0,0.0,4643.0,0.139
4644.0,0.0,4644.0,0.151
4645.0,0.521,4645.0,0.174
4646.0,0.0,4646.0,0.104
4647.0,0.0,4647.0,0.116
4648.0,0.0,4648.0,0.139
4649.0,0.521,4649.0,0.151
4650.0,0.0,4650.0,0.0232
4651.0,0.521,4651.0,0.0348
4652.0,0.0,4652.0,0.116
4653.0,0.0,4653.0,0.174
4654.0,0.0,4654.0,0.116
4655.0,0.0,4655.0,0.127
4656.0,0.521,4656.0,0.116
4657.0,0.0,4657.0,0.104
4658.0,0.0,4658.0,0.139
4659.0,0.0,4659.0,0.104
4660.0,0.0,4660.0,0.0811
4661.0,0.521,4661.0,0.0811
4662.0,0.0,4662.0,0.0695
4663.0,0.0,4663.0,0.0
4664.0,0.0,4664.0,0.0463
4665.0,0.0,4665.0,0.0579
4666.0,0.0,4666.0,0.151
4667.0,0.0,4667.0,0.139
4668.0,0.0,4668.0,0.151
4669.0,0.521,4669.0,0.162
4670.0,0.0,4670.0,0.151
4671.0,0.0,4671.0,0.197
4672.0,0.0,4672.0,0.151
4673.0,0.521,4673.0,0.151
4674.0,0.0,4674.0,0.162
4675.0,0.0,4675.0,0.127
4676.0,0.0,4676.0,0.0927
4677.0,0.521,4677.0,0.0
4678.0,0.0,4678.0,0.0116
4679.0,0.521,4679.0,0.0348
4680.0,0.0,4680.0,0.0
4681.0,0.0,4681.0,0.0927
4682.0,0.0,4682.0,0.151
4683.0,0.0,4683.0,0.139
4684.0,0.0,4684.0,0.174
4685.0,0.0,4685.0,0.162
4686.0,0.0,4686.0,0.151
4687.0,0.0,4687.0,0.162
4688.0,0.521,4688.0,0.174
4689.0,0.0,4689.0,0.209
4690.0,0.0,4690.0,0.197
4691.0,0.521,4691.0,0.127
4692.0,0.0,4692.0,0.116
4693.0,0.0,4693.0,0.0
4694.0,0.521,4694.0,0.0
4695.0,0.0,4695.0,0.0116
4696.0,0.0,4696.0,0.0348
4697.0,0.0,4697.0,0.0811
4698.0,0.0,4698.0,0.162
4699.0,0.0,4699.0,0.174
4700.0,0.521,4700.0,0.162
4701.0,0.0,4701.0,0.185
4702.0,0.0,4702.0,0.174
4703.0,0.0,4703.0,0.139
4704.0,0.0,4704.0,0.139
4705.0,0.521,4705.0,0.162
4706.0,0.0,4706.0,0.139
4707.0,0.0,4707.0,0.116
4708.0,0.0,4708.0,0.0695
4709.0,0.521,4709.0,0.0
4710.0,0.521,4710.0,0.0463
4711.0,0.0,4711.0,0.127
4712.0,0.0,4712.0,0.174
4713.0,0.0,4713.0,0.185
4714.0,0.0,4714.0,0.197
4715.0,0.0,4715.0,0.151
4716.0,0.0,4716.0,0.162
4717.0,0.521,4717.0,0.116
4718.0,0.0,4718.0,0.139
4719.0,0.0,4719.0,0.139
4720.0,0.0,4720.0,0.139
4721.0,0.521,4721.0,0.0927
4722.0,0.0,4722.0,0.0579
4723.0,0.521,4723.0,0.0463
4724.0,0.0,4724.0,0.127
4725.0,0.0,4725.0,0.185
4726.0,0.0,4726.0,0.174
4727.0,0.0,4727.0,0.185
4728.0,0.521,4728.0,0.197
4729.0,0.0,4729.0,0.151
4730.0,0.0,4730.0,0.116
4731.0,0.0,4731.0,0.185
4732.0,0.0,4732.0,0.0927
4733.0,0.521,4733.0,0.127
4734.0,0.0,4734.0,0.127
4735.0,0.0,4735.0,0.0927
4736.0,0.521,4736.0,0.0232
4737.0,0.0,4737.0,0.0348
4738.0,0.0,4738.0,0.185
4739.0,0.0,4739.0,0.232
4740.0,0.0,4740.0,0.22
4741.0,0.521,4741.0,0.255
4742.0,0.0,4742.0,0.162
4743.0,0.0,4743.0,0.197
4744.0,0.521,4744.0,0.22
4745.0,0.0,4745.0,0.209
4746.0,0.0,4746.0,0.162
4747.0,0.0,4747.0,0.151
4748.0,0.0,4748.0,0.0348
4749.0,1.04,4749.0,0.0
4750.0,0.0,4750.0,0.0463
4751.0,0.0,4751.0,0.0
4752.0,0.0,4752.0,0.174
4753.0,0.0,4753.0,0.22
4754.0,0.521,4754.0,0.255
4755.0,0.0,4755.0,0.162
4756.0,0.0,4756.0,0.22
4757.0,0.0,4757.0,0.209
4758.0,0.0,4758.0,0.151
4759.0,0.521,4759.0,0.127
4760.0,0.0,4760.0,0.139
4761.0,0.0,4761.0,0.127
4762.0,0.0,4762.0,0.185
4763.0,0.521,4763.0,0.151
4764.0,0.521,4764.0,0.116
4765.0,0.0,4765.0,0.0
4766.0,0.521,4766.0,0.0463
4767.0,0.0,4767.0,0.104
4768.0,0.0,4768.0,0.209
4769.0,0.0,4769.0,0.22
4770.0,0.0,4770.0,0.22
4771.0,0.0,4771.0,0.266
4772.0,0.0,4772.0,0.151
4773.0,0.0,4773.0,0.174
4774.0,0.521,4774.0,0.22
4775.0,0.0,4775.0,0.209
4776.0,0.521,4776.0,0.209
4777.0,0.521,4777.0,0.151
4778.0,0.0,4778.0,0.0
4779.0,0.521,4779.0,0.0463
4780.0,0.0,4780.0,0.0811
4781.0,0.0,4781.0,0.209
4782.0,0.0,4782.0,0.209
4783.0,0.0,4783.0,0.243
4784.0,0.0,4784.0,0.174
4785.0,0.0,4785.0,0.162
4786.0,0.521,4786.0,0.197
4787.0,0.0,4787.0,0.22
4788.0,0.0,4788.0,0.185
4789.0,0.521,4789.0,0.209
4790.0,0.521,4790.0,0.151
4791.0,0.521,4791.0,0.0463
4792.0,0.0,4792.0,0.116
4793.0,0.0,4793.0,0.209
4794.0,0.0,4794.0,0.22
4795.0,0.0,4795.0,0.209
4796.0,0.0,4796.0,0.162
4797.0,0.521,4797.0,0.185
4798.0,0.0,4798.0,0.185
4799.0,0.0,4799.0,0.197
4800.0,0.521,4800.0,0.209
4801.0,0.0,4801.0,0.209
4802.0,0.521,4802.0,0.162
4803.0,0.521,4803.0,0.127
4804.0,0.0,4804.0,0.232
4805.0,0.0,4805.0,0.243
4806.0,0.521,4806.0,0.197
4807.0,0.0,4807.0,0.185
4808.0,0.0,4808.0,0.174
4809.0,0.521,4809.0,0.209
4810.0,0.0,4810.0,0.22
4811.0,0.521,4811.0,0.22
4812.0,0.0,4812.0,0.209
4813.0,0.0,4813.0,0.127
4814.0,0.521,4814.0,0.0927
4815.0,0.0,4815.0,0.232
4816.0,0.521,4816.0,0.243
4817.0,0.0,4817.0,0.22
4818.0,0.0,4818.0,0.243
4819.0,0.521,4819.0,0.232
4820.0,0.0,4820.0,0.232
4821.0,0.521,4821.0,0.243
4822.0,0.0,4822.0,0.266
4823.0,0.521,4823.0,0.266
4824.0,0.0,4824.0,0.29
4825.0,0.521,4825.0,0.127
4826.0,0.0,4826.0,0.22
4827.0,0.521,4827.0,0.313
4828.0,0.0,4828.0,0.255
4829.0,0.0,4829.0,0.22
4830.0,0.521,4830.0,0.185
4831.0,0.0,4831.0,0.185
4832.0,0.521,4832.0,0.174
4833.0,0.0,4833.0,0.174
4834.0,0.0,4834.0,0.162
4835.0,0.521,4835.0,0.197
4836.0,0.0,4836.0,0.0927
4837.0,0.0,4837.0,0.151
4838.0,0.521,4838.0,0.278
4839.0,0.0,4839.0,0.266
4840.0,0.521,4840.0,0.278
4841.0,0.0,4841.0,0.266
4842.0,0.0,4842.0,0.255
4843.0,0.521,4843.0,0.324
4844.0,0.521,4844.0,0.29
4845.0,0.0,4845.0,0.301
4846.0,0.521,4846.0,0.313
4847.0,0.0,4847.0,0.313
4848.0,0.521,4848.0,0.301
4849.0,0.521,4849.0,0.417
4850.0,0.521,4850.0,0.174
4851.0,0.0,4851.0,0.313
4852.0,0.0,4852.0,0.336
4853.0,0.521,4853.0,0.301
4854.0,0.0,4854.0,0.301
4855.0,0.521,4855.0,0.266
4856.0,0.0,4856.0,0.301
4857.0,0.521,4857.0,0.29
4858.0,0.0,4858.0,0.301
4859.0,0.521,4859.0,0.232
4860.0,0.521,4860.0,0.29
4861.0,0.521,4861.0,0.151
4862.0,0.0,4862.0,0.266
4863.0,0.0,4863.0,0.301
4864.0,0.521,4864.0,0.29
4865.0,0.0,4865.0,0.301
4866.0,0.521,4866.0,0.243
4867.0,0.0,4867.0,0.255
4868.0,0.521,4868.0,0.255
4869.0,0.0,4869.0,0.243
4870.0,0.521,4870.0,0.243
4871.0,0.0,4871.0,0.243
4872.0,0.521,4872.0,0.0811
4873.0,0.0,4873.0,0.324
4874.0,0.521,4874.0,0.313
4875.0,0.0,4875.0,0.313
4876.0,0.521,4876.0,0.278
4877.0,0.0,4877.0,0.313
4878.0,0.521,4878.0,0.324
4879.0,0.521,4879.0,0.243
4880.0,0.0,4880.0,0.255
4881.0,0.0,4881.0,0.255
4882.0,0.521,4882.0,0.197
4883.0,0.521,4883.0,0.0927
4884.0,0.0,4884.0,0.29
4885.0,0.0,4885.0,0.29
4886.0,0.521,4886.0,0.243
4887.0,0.0,4887.0,0.243
4888.0,0.0,4888.0,0.255
4889.0,0.521,4889.0,0.278
4890.0,0.521,4890.0,0.278
4891.0,0.0,4891.0,0.266
4892.0,0.521,4892.0,0.266
4893.0,0.0,4893.0,0.243
4894.0,0.521,4894.0,0.0927
4895.0,0.0,4895.0,0.22
4896.0,0.521,4896.0,0.382
4897.0,0.0,4897.0,0.359
4898.0,0.521,4898.0,0.313
4899.0,0.0,4899.0,0.278
4900.0,0.521,4900.0,0.278
4901.0,0.0,4901.0,0.243
4902.0,0.521,4902.0,0.232
4903.0,0.0,4903.0,0.209
4904.0,0.521,4904.0,0.22
4905.0,0.0,4905.0,0.116
4906.0,0.0,4906.0,0.162
4907.0,0.521,4907.0,0.255
4908.0,0.0,4908.0,0.266
4909.0,0.521,4909.0,0.255
4910.0,0.0,4910.0,0.243
4911.0,0.0,4911.0,0.232
4912.0,0.521,4912.0,0.232
4913.0,0.0,4913.0,0.22
4914.0,0.521,4914.0,0.22
4915.0,0.0,4915.0,0.232
4916.0,0.521,4916.0,0.197
4917.0,0.0,4917.0,0.0927
4918.0,0.521,4918.0,0.266
4919.0,0.0,4919.0,0.278
4920.0,0.0,4920.0,0.209
4921.0,0.521,4921.0,0.232
4922.0,0.0,4922.0,0.185
4923.0,0.521,4923.0,0.22
4924.0,0.0,4924.0,0.174
4925.0,0.0,4925.0,0.209
4926.0,0.521,4926.0,0.185
4927.0,0.0,4927.0,0.127
4928.0,0.0,4928.0,0.0579
4929.0,0.521,4929.0,0.209
4930.0,0.0,4930.0,0.266
4931.0,0.0,4931.0,0.255
4932.0,0.521,4932.0,0.255
4933.0,0.0,4933.0,0.162
4934.0,0.0,4934.0,0.174
4935.0,0.521,4935.0,0.174
4936.0,0.0,4936.0,0.185
4937.0,0.0,4937.0,0.162
4938.0,0.521,4938.0,0.162
4939.0,0.0,4939.0,0.0579
4940.0,0.0,4940.0,0.104
4941.0,0.521,4941.0,0.255
4942.0,0.0,4942.0,0.278
4943.0,0.0,4943.0,0.29
4944.0,0.521,4944.0,0.266
4945.0,0.0,4945.0,0.255
4946.0,0.521,4946.0,0.232
4947.0,0.0,4947.0,0.29
4948.0,0.521,4948.0,0.278
4949.0,0.0,4949.0,0.301
4950.0,0.521,4950.0,0.301
4951.0,0.0,4951.0,0.0695
4952.0,0.521,4952.0,0.174
4953.0,0.521,4953.0,0.324
4954.0,0.0,4954.0,0.301
4955.0,0.521,4955.0,0.255
4956.0,0.0,4956.0,0.266
4957.0,0.0,4957.0,0.232
4958.0,0.521,4958.0,0.209
4959.0,0.0,4959.0,0.22
4960.0,0.521,4960.0,0.162
4961.0,0.0,4961.0,0.22
4962.0,0.521,4962.0,0.127
4963.0,0.0,4963.0,0.151
4964.0,0.0,4964.0,0.301
4965.0,0.521,4965.0,0.29
4966.0,0.0,4966.0,0.29
4967.0,0.521,4967.0,0.232
4968.0,0.0,4968.0,0.209
4969.0,0.0,4969.0,0.209
4970.0,0.521,4970.0,0.209
4971.0,0.0,4971.0,0.197
4972.0,0.521,4972.0,0.209
4973.0,0.0,4973.0,0.139
4974.0,0.0,4974.0,0.0579
4975.0,0.521,4975.0,0.209
4976.0,0.0,4976.0,0.22
4977.0,0.0,4977.0,0.243
4978.0,0.521,4978.0,0.22
4979.0,0.0,4979.0,0.209
4980.0,0.521,4980.0,0.209
4981.0,0.0,4981.0,0.209
4982.0,0.0,4982.0,0.185
4983.0,0.521,4983.0,0.185
4984.0,0.0,4984.0,0.185
4985.0,0.0,4985.0,0.104
4986.0,0.521,4986.0,0.127
4987.0,0.0,4987.0,0.243
4988.0,0.521,4988.0,0.243
4989.0,0.0,4989.0,0.243
4990.0,0.0,4990.0,0.278
4991.0,0.521,4991.0,0.255
4992.0,0.0,4992.0,0.255
4993.0,0.0,4993.0,0.22
4994.0,0.521,4994.0,0.209
4995.0,0.0,4995.0,0.243
4996.0,0.521,4996.0,0.174
4997.0,0.0,4997.0,0.0579
4998.0,0.521,4998.0,0.255
4999.0,0.0,4999.0,0.266
5000.0,0.521,5000.0,0.29
5001.0,0.0,5001.0,0.29
5002.0,0.521,5002.0,0.243
5003.0,0.0,5003.0,0.185
5004.0,0.0,5004.0,0.209
5005.0,0.521,5005.0,0.185
5006.0,0.0,5006.0,0.162
5007.0,0.0,5007.0,0.162
5008.0,0.521,5008.0,0.0695
5009.0,0.0,5009.0,0.0811
5010.0,0.0,5010.0,0.266
5011.0,0.521,5011.0,0.266
5012.0,0.0,5012.0,0.29
5013.0,0.0,5013.0,0.278
5014.0,0.521,5014.0,0.29
5015.0,0.521,5015.0,0.301
5016.0,0.0,5016.0,0.313
5017.0,0.521,5017.0,0.278
5018.0,0.0,5018.0,0.278
5019.0,0.521,5019.0,0.266
5020.0,0.521,5020.0,0.197
5021.0,0.0,5021.0,0.29
5022.0,0.521,5022.0,0.348
5023.0,0.0,5023.0,0.359
5024.0,0.521,5024.0,0.359
5025.0,0.521,5025.0,0.371
5026.0,0.0,5026.0,0.336
5027.0,0.521,5027.0,0.359
5028.0,0.0,5028.0,0.266
5029.0,0.521,5029.0,0.324
5030.0,0.521,5030.0,0.324
5031.0,0.521,5031.0,0.174
5032.0,0.0,5032.0,0.359
5033.0,0.0,5033.0,0.348
5034.0,0.521,5034.0,0.348
5035.0,0.521,5035.0,0.324
5036.0,0.0,5036.0,0.336
5037.0,0.521,5037.0,0.336
5038.0,0.0,5038.0,0.336
5039.0,0.521,5039.0,0.324
5040.0,0.521,5040.0,0.336
5041.0,0.0,5041.0,0.313
5042.0,0.521,5042.0,0.174
5043.0,0.521,5043.0,0.336
5044.0,0.0,5044.0,0.348
5045.0,0.521,5045.0,0.313
5046.0,0.0,5046.0,0.29
5047.0,0.521,5047.0,0.301
5048.0,0.0,5048.0,0.29
5049.0,0.521,5049.0,0.336
5050.0,0.521,5050.0,0.301
5051.0,0.0,5051.0,0.266
5052.0,0.521,5052.0,0.29
5053.0,0.521,5053.0,0.139
5054.0,0.0,5054.0,0.336
5055.0,0.0,5055.0,0.371
5056.0,0.521,5056.0,0.348
5057.0,0.521,5057.0,0.371
5058.0,0.0,5058.0,0.371
5059.0,0.521,5059.0,0.359
5060.0,0.521,5060.0,0.394
5061.0,0.0,5061.0,0.348
5062.0,0.521,5062.0,0.324
5063.0,0.521,5063.0,0.313
5064.0,0.521,5064.0,0.139
5065.0,0.0,5065.0,0.359
5066.0,0.0,5066.0,0.336
5067.0,0.521,5067.0,0.348
5068.0,0.521,5068.0,0.313
5069.0,0.0,5069.0,0.324
5070.0,0.521,5070.0,0.313
5071.0,0.521,5071.0,0.394
5072.0,0.0,5072.0,0.313
5073.0,0.521,5073.0,0.336
5074.0,0.521,5074.0,0.348
5075.0,0.0,5075.0,0.174
5076.0,0.521,5076.0,0.348
5077.0,0.0,5077.0,0.324
5078.0,0.521,5078.0,0.313
5079.0,0.0,5079.0,0.29
5080.0,0.521,5080.0,0.301
5081.0,0.0,5081.0,0.278
5082.0,0.521,5082.0,0.405
5083.0,0.521,5083.0,0.313
5084.0,0.0,5084.0,0.324
5085.0,0.521,5085.0,0.278
5086.0,0.521,5086.0,0.324
5087.0,0.0,5087.0,0.371
5088.0,0.521,5088.0,0.359
5089.0,0.521,5089.0,0.336
5090.0,0.0,5090.0,0.348
5091.0,0.521,5091.0,0.324
5092.0,0.521,5092.0,0.255
5093.0,0.0,5093.0,0.29
5094.0,0.521,5094.0,0.266
5095.0,0.0,5095.0,0.313
5096.0,0.521,5096.0,0.232
5097.0,0.0,5097.0,0.394
5098.0,0.521,5098.0,0.394
5099.0,0.521,5099.0,0.348
5100.0,0.0,5100.0,0.336
5101.0,0.521,5101.0,0.313
5102.0,0.0,5102.0,0.313
5103.0,0.521,5103.0,0.324
5104.0,0.521,5104.0,0.348
5105.0,0.0,5105.0,0.324
5106.0,0.521,5106.0,0.336
5107.0,0.521,5107.0,0.255
5108.0,0.521,5108.0,0.44
5109.0,0.0,5109.0,0.405
5110.0,0.521,5110.0,0.324
5111.0,0.521,5111.0,0.324
5112.0,0.0,5112.0,0.336
5113.0,0.521,5113.0,0.324
5114.0,0.0,5114.0,0.336
5115.0,0.521,5115.0,0.324
5116.0,0.521,5116.0,0.301
5117.0,0.0,5117.0,0.255
5118.0,0.521,5118.0,0.336
5119.0,0.521,5119.0,0.359
5120.0,0.0,5120.0,0.371
5121.0,0.521,5121.0,0.324
5122.0,0.0,5122.0,0.336
5123.0,0.521,5123.0,0.324
5124.0,0.521,5124.0,0.313
5125.0,0.0,5125.0,0.336
5126.0,0.521,5126.0,0.313
5127.0,0.0,5127.0,0.29
5128.0,0.521,5128.0,0.174
5129.0,0.521,5129.0,0.348
5130.0,0.0,5130.0,0.336
5131.0,0.521,5131.0,0.301
5132.0,0.0,5132.0,0.266
5133.0,0.521,5133.0,0.278
5134.0,0.0,5134.0,0.278
5135.0,0.521,5135.0,0.29
5136.0,0.521,5136.0,0.278
5137.0,0.0,5137.0,0.29
5138.0,0.521,5138.0,0.278
5139.0,0.0,5139.0,0.232
5140.0,0.521,5140.0,0.429
5141.0,0.0,5141.0,0.429
5142.0,0.521,5142.0,0.382
5143.0,0.521,5143.0,0.359
5144.0,0.521,5144.0,0.371
5145.0,0.0,5145.0,0.348
5146.0,0.521,5146.0,0.359
5147.0,0.521,5147.0,0.359
5148.0,0.0,5148.0,0.324
5149.0,0.521,5149.0,0.255
5150.0,0.521,5150.0,0.336
5151.0,0.0,5151.0,0.394
5152.0,0.521,5152.0,0.359
5153.0,0.521,5153.0,0.336
5154.0,0.0,5154.0,0.313
5155.0,0.521,5155.0,0.336
5156.0,0.0,5156.0,0.324
5157.0,0.521,5157.0,0.313
5158.0,0.521,5158.0,0.324
5159.0,0.0,5159.0,0.324
5160.0,0.521,5160.0,0.209
5161.0,0.0,5161.0,0.429
5162.0,0.521,5162.0,0.417
5163.0,0.521,5163.0,0.371
5164.0,0.0,5164.0,0.348
5165.0,0.521,5165.0,0.371
5166.0,0.521,5166.0,0.359
5167.0,0.521,5167.0,0.348
5168.0,0.0,5168.0,0.336
5169.0,0.521,5169.0,0.348
5170.0,0.521,5170.0,0.348
5171.0,0.521,5171.0,0.243
5172.0,0.0,5172.0,0.382
5173.0,0.521,5173.0,0.371
5174.0,0.0,5174.0,0.336
5175.0,0.521,5175.0,0.324
5176.0,0.0,5176.0,0.278
5177.0,0.521,5177.0,0.278
5178.0,0.521,5178.0,0.278
5179.0,0.0,5179.0,0.278
5180.0,0.521,5180.0,0.29
5181.0,0.0,5181.0,0.243
5182.0,0.521,5182.0,0.29
5183.0,0.0,5183.0,0.348
5184.0,0.521,5184.0,0.348
5185.0,0.0,5185.0,0.324
5186.0,0.521,5186.0,0.348
5187.0,0.521,5187.0,0.336
5188.0,0.0,5188.0,0.324
5189.0,0.521,5189.0,0.336
5190.0,0.521,5190.0,0.348
5191.0,0.0,5191.0,0.324
5192.0,0.521,5192.0,0.209
5193.0,0.521,5193.0,0.44
5194.0,0.521,5194.0,0.463
5195.0,0.0,5195.0,0.463
5196.0,0.521,5196.0,0.452
5197.0,0.521,5197.0,0.382
5198.0,0.521,5198.0,0.394
5199.0,0.0,5199.0,0.348
5200.0,0.521,5200.0,0.313
5201.0,0.521,5201.0,0.348
5202.0,0.0,5202.0,0.313
5203.0,0.521,5203.0,0.232
5204.0,0.521,5204.0,0.417
5205.0,0.0,5205.0,0.417
5206.0,0.521,5206.0,0.382
5207.0,0.521,5207.0,0.324
5208.0,0.0,5208.0,0.324
5209.0,0.521,5209.0,0.324
5210.0,0.521,5210.0,0.301
5211.0,0.0,5211.0,0.301
5212.0,0.521,5212.0,0.266
5213.0,0.0,5213.0,0.266
5214.0,0.521,5214.0,0.243
5215.0,0.521,5215.0,0.394
5216.0,0.0,5216.0,0.382
5217.0,0.521,5217.0,0.371
5218.0,0.0,5218.0,0.359
5219.0,0.521,5219.0,0.371
5220.0,0.521,5220.0,0.371
5221.0,0.521,5221.0,0.371
5222.0,0.521,5222.0,0.371
5223.0,0.0,5223.0,0.394
5224.0,0.521,5224.0,0.313
5225.0,0.0,5225.0,0.371
5226.0,0.521,5226.0,0.417
5227.0,0.521,5227.0,0.371
5228.0,0.0,5228.0,0.348
5229.0,0.521,5229.0,0.336
5230.0,0.521,5230.0,0.336
5231.0,0.0,5231.0,0.301
5232.0,0.521,5232.0,0.278
5233.0,0.521,5233.0,0.324
5234.0,0.0,5234.0,0.29
5235.0,0.521,5235.0,0.22
5236.0,0.521,5236.0,0.463
5237.0,0.0,5237.0,0.44
5238.0,0.521,5238.0,0.348
5239.0,0.521,5239.0,0.324
5240.0,0.0,5240.0,0.336
5241.0,0.521,5241.0,0.313
5242.0,0.521,5242.0,0.301
5243.0,0.0,5243.0,0.278
5244.0,0.521,5244.0,0.29
5245.0,0.0,5245.0,0.301
5246.0,0.521,5246.0,0.22
5247.0,0.0,5247.0,0.359
5248.0,0.521,5248.0,0.301
5249.0,0.0,5249.0,0.266
5250.0,0.521,5250.0,0.278
5251.0,0.0,5251.0,0.255
5252.0,0.521,5252.0,0.255
5253.0,0.0,5253.0,0.209
5254.0,0.521,5254.0,0.185
5255.0,0.0,5255.0,0.232
5256.0,0.521,5256.0,0.209
5257.0,0.0,5257.0,0.209
5258.0,0.521,5258.0,0.313
5259.0,0.0,5259.0,0.313
5260.0,0.521,5260.0,0.313
5261.0,0.521,5261.0,0.463
5262.0,0.521,5262.0,0.452
5263.0,0.521,5263.0,0.44
5264.0,0.0,5264.0,0.44
5265.0,0.521,5265.0,0.452
5266.0,0.521,5266.0,0.521
5267.0,0.521,5267.0,0.475
5268.0,0.521,5268.0,0.498
5269.0,0.521,5269.0,0.498
5270.0,0.521,5270.0,0.487
5271.0,0.521,5271.0,0.487
5272.0,0.0,5272.0,0.475
5273.0,0.521,5273.0,0.475
5274.0,0.521,5274.0,0.498
5275.0,0.521,5275.0,0.498
5276.0,0.521,5276.0,0.51
5277.0,0.521,5277.0,0.521
5278.0,0.521,5278.0,0.533
5279.0,0.521,5279.0,0.544
5280.0,0.521,5280.0,0.544
5281.0,1.04,5281.0,0.452
5282.0,0.0,5282.0,0.544
5283.0,0.521,5283.0,0.556
5284.0,0.521,5284.0,0.556
5285.0,0.521,5285.0,0.533
5286.0,1.04,5286.0,0.544
5287.0,0.521,5287.0,0.533
5288.0,0.521,5288.0,0.568
5289.0,0.0,5289.0,0.533
5290.0,0.521,5290.0,0.544
5291.0,0.521,5291.0,0.521
5292.0,1.04,5292.0,0.487
5293.0,0.521,5293.0,0.533
5294.0,0.521,5294.0,0.487
5295.0,0.0,5295.0,0.463
5296.0,0.521,5296.0,0.475
5297.0,0.521,5297.0,0.452
5298.0,0.521,5298.0,0.463
5299.0,0.521,5299.0,0.44
5300.0,0.521,5300.0,0.463
5301.0,0.521,5301.0,0.487
5302.0,0.521,5302.0,0.498
5303.0,0.521,5303.0,0.487
5304.0,0.521,5304.0,0.521
5305.0,0.521,5305.0,0.533
5306.0,0.521,5306.0,0.487
5307.0,0.521,5307.0,0.405
5308.0,0.0,5308.0,0.405
5309.0,0.521,5309.0,0.452
5310.0,0.521,5310.0,0.44
5311.0,0.521,5311.0,0.44
5312.0,0.0,5312.0,0.429
5313.0,0.521,5313.0,0.44
5314.0,0.521,5314.0,0.614
5315.0,1.04,5315.0,0.637
5316.0,0.521,5316.0,0.626
5317.0,0.521,5317.0,0.614
5318.0,0.521,5318.0,0.637
5319.0,1.04,5319.0,0.637
5320.0,0.521,5320.0,0.637
5321.0,0.521,5321.0,0.626
5322.0,0.521,5322.0,0.649
5323.0,1.04,5323.0,0.637
5324.0,0.521,5324.0,0.649
5325.0,0.521,5325.0,0.66
5326.0,0.521,5326.0,0.672
5327.0,1.04,5327.0,0.66
5328.0,0.521,5328.0,0.683
5329.0,0.521,5329.0,0.695
5330.0,0.521,5330.0,0.637
5331.0,1.04,5331.0,0.626
5332.0,0.0,5332.0,0.672
5333.0,1.04,5333.0,0.649
5334.0,0.521,5334.0,0.591
5335.0,0.521,5335.0,0.707
5336.0,1.04,5336.0,0.695
5337.0,0.521,5337.0,0.695
5338.0,1.04,5338.0,0.683
5339.0,0.521,5339.0,0.672
5340.0,0.521,5340.0,0.672
5341.0,1.04,5341.0,0.649
5342.0,0.521,5342.0,0.672
5343.0,0.521,5343.0,0.66
5344.0,0.521,5344.0,0.637
5345.0,1.04,5345.0,0.649
5346.0,0.521,5346.0,0.672
5347.0,0.521,5347.0,0.672
5348.0,1.04,5348.0,0.683
5349.0,0.521,5349.0,0.683
5350.0,0.521,5350.0,0.695
5351.0,1.04,5351.0,0.707
5352.0,0.521,5352.0,0.695
5353.0,0.521,5353.0,0.695
5354.0,0.521,5354.0,0.556
5355.0,0.521,5355.0,0.602
5356.0,0.521,5356.0,0.626
5357.0,0.521,5357.0,0.614
5358.0,1.04,5358.0,0.637
5359.0,0.521,5359.0,0.649
5360.0,0.521,5360.0,0.66
5361.0,0.521,5361.0,0.649
5362.0,1.04,5362.0,0.637
5363.0,0.521,5363.0,0.649
5364.0,0.521,5364.0,0.637
5365.0,1.04,5365.0,0.556
5366.0,0.521,5366.0,0.637
5367.0,0.521,5367.0,0.614
5368.0,0.521,5368.0,0.591
5369.0,0.521,5369.0,0.579
5370.0,0.521,5370.0,0.544
5371.0,0.521,5371.0,0.533
5372.0,0.521,5372.0,0.521
5373.0,0.521,5373.0,0.51
5374.0,0.521,5374.0,0.521
5375.0,0.521,5375.0,0.417
5376.0,0.521,5376.0,0.487
5377.0,0.521,5377.0,0.487
5378.0,0.521,5378.0,0.487
5379.0,0.521,5379.0,0.498
5380.0,0.521,5380.0,0.498
5381.0,0.521,5381.0,0.463
5382.0,0.521,5382.0,0.498
5383.0,0.0,5383.0,0.498
5384.0,0.521,5384.0,0.487
5385.0,0.521,5385.0,0.452
5386.0,0.521,5386.0,0.452
5387.0,0.521,5387.0,0.463
5388.0,0.521,5388.0,0.452
5389.0,0.521,5389.0,0.463
5390.0,0.521,5390.0,0.475
5391.0,0.521,5391.0,0.475
5392.0,0.521,5392.0,0.475
5393.0,0.521,5393.0,0.475
5394.0,0.521,5394.0,0.463
5395.0,0.521,5395.0,0.475
5396.0,0.0,5396.0,0.51
5397.0,0.521,5397.0,0.521
5398.0,0.521,5398.0,0.521
5399.0,0.521,5399.0,0.533
5400.0,0.521,5400.0,0.533
5401.0,0.521,5401.0,0.521
5402.0,0.521,5402.0,0.51
5403.0,0.521,5403.0,0.51
5404.0,0.521,5404.0,0.51
5405.0,0.521,5405.0,0.521
5406.0,0.521,5406.0,0.498
5407.0,0.521,5407.0,0.521
5408.0,0.521,5408.0,0.51
5409.0,0.521,5409.0,0.51
5410.0,0.521,5410.0,0.498
5411.0,0.521,5411.0,0.463
5412.0,0.521,5412.0,0.475
5413.0,0.521,5413.0,0.475
5414.0,0.521,5414.0,0.475
5415.0,0.521,5415.0,0.487
5416.0,0.521,5416.0,0.463
5417.0,0.0,5417.0,0.475
5418.0,0.521,5418.0,0.487
5419.0,0.521,5419.0,0.51
5420.0,0.521,5420.0,0.487
5421.0,0.521,5421.0,0.463
5422.0,0.521,5422.0,0.475
5423.0,0.521,5423.0,0.475
5424.0,0.521,5424.0,0.44
5425.0,0.521,5425.0,0.44
5426.0,0.521,5426.0,0.452
5427.0,0.0,5427.0,0.452
5428.0,1.04,5428.0,0.463
5429.0,0.0,5429.0,0.429
5430.0,0.521,5430.0,0.417
5431.0,0.521,5431.0,0.463
5432.0,0.521,5432.0,0.475
5433.0,0.521,5433.0,0.452
5434.0,0.521,5434.0,0.475
5435.0,0.521,5435.0,0.463
5436.0,0.521,5436.0,0.475
5437.0,0.0,5437.0,0.452
