senderTs,senderMbps,receiverTs,receiverMbps
1.0,0.985,1.0,0.116
2.0,0.0,2.0,0.0
3.0,0.0,3.0,0.0
4.0,0.869,4.0,0.104
5.0,0.0,5.0,0.104
6.0,0.0,6.0,0.0
7.0,0.0,7.0,0.0
8.0,0.0,8.0,0.0
9.0,0.0,9.0,0.0116
10.0,0.0695,10.0,0.116
11.0,0.266,11.0,0.0
12.0,0.0,12.0,0.0
13.0,0.0,13.0,0.0
14.0,0.0,14.0,0.0
15.0,0.0,15.0,0.0
16.0,0.0,16.0,0.0
17.0,0.0232,17.0,0.0116
18.0,0.0927,18.0,0.0348
19.0,0.0,19.0,0.0
20.0,0.0,20.0,0.0
21.0,0.0,21.0,0.0
22.0,0.0,22.0,0.0
23.0,0.463,23.0,0.0
24.0,0.0,24.0,0.0811
25.0,0.0232,25.0,0.174
26.0,0.0811,26.0,0.0
27.0,1.04,27.0,0.0811
28.0,0.0,28.0,0.104
29.0,0.0,29.0,0.162
30.0,0.521,30.0,0.0
31.0,0.0,31.0,0.151
32.0,0.521,32.0,0.0927
33.0,0.0,33.0,0.139
34.0,0.0,34.0,0.0579
35.0,0.0,35.0,0.0
36.0,0.0,36.0,0.0
37.0,0.0,37.0,0.0
38.0,0.521,38.0,0.0
39.0,0.0,39.0,0.0
40.0,0.0,40.0,0.0463
41.0,0.0,41.0,0.0
42.0,0.0,42.0,0.0
43.0,0.0,43.0,0.0
44.0,0.0,44.0,0.0
45.0,0.0,45.0,0.0
46.0,0.0,46.0,0.0
47.0,0.0,47.0,0.0
48.0,0.0,48.0,0.0
49.0,0.521,49.0,0.0
50.0,0.0,50.0,0.0
51.0,0.0,51.0,0.0348
52.0,0.0,52.0,0.127
53.0,1.56,53.0,0.139
54.0,0.0,54.0,0.116
55.0,0.0,55.0,0.0695
56.0,0.0,56.0,0.0
57.0,0.0,57.0,0.0232
58.0,1.04,58.0,0.139
59.0,0.521,59.0,0.22
60.0,1.04,60.0,0.22
61.0,0.521,61.0,0.0927
62.0,0.0,62.0,0.324
63.0,0.521,63.0,0.278
64.0,0.0,64.0,0.313
65.0,0.0,65.0,0.0348
66.0,0.521,66.0,0.0
67.0,0.0,67.0,0.0
68.0,0.521,68.0,0.0
69.0,0.0,69.0,0.0463
70.0,0.521,70.0,0.0
71.0,0.0,71.0,0.0
72.0,0.0,72.0,0.0
73.0,0.0,73.0,0.0
74.0,0.0,74.0,0.0
75.0,0.0,75.0,0.0
76.0,0.0,76.0,0.0
77.0,0.0,77.0,0.0
78.0,0.0,78.0,0.0
79.0,0.0,79.0,0.0
80.0,0.0,80.0,0.0
81.0,0.0,81.0,0.0
82.0,0.0,82.0,0.0
83.0,0.0,83.0,0.0
84.0,0.0,84.0,0.0927
85.0,0.0,85.0,0.209
86.0,0.0,86.0,0.209
87.0,4.69,87.0,0.22
88.0,0.0,88.0,0.22
89.0,0.521,89.0,0.0695
90.0,0.0,90.0,0.0
91.0,0.0,91.0,0.0116
92.0,0.0,92.0,0.174
93.0,0.0,93.0,0.255
94.0,0.0,94.0,0.255
95.0,0.0,95.0,0.232
96.0,0.0,96.0,0.197
97.0,0.521,97.0,0.255
98.0,0.0,98.0,0.174
99.0,0.521,99.0,0.0232
100.0,0.521,100.0,0.266
101.0,0.0,101.0,0.255
102.0,0.0,102.0,0.209
103.0,0.521,103.0,0.209
104.0,0.0,104.0,0.139
105.0,0.521,105.0,0.0
106.0,0.0,106.0,0.0
107.0,0.0,107.0,0.0
108.0,0.521,108.0,0.0
109.0,0.0,109.0,0.0
110.0,0.521,110.0,0.0463
111.0,0.0,111.0,0.0
112.0,0.0,112.0,0.0
113.0,0.0,113.0,0.0
114.0,0.0,114.0,0.0
115.0,0.0,115.0,0.0
116.0,0.0,116.0,0.0
117.0,0.0,117.0,0.0
118.0,0.0,118.0,0.0
119.0,0.0,119.0,0.0
120.0,0.0,120.0,0.0
121.0,0.0,121.0,0.0
122.0,0.0,122.0,0.0
123.0,0.0,123.0,0.0
124.0,0.0,124.0,0.0
125.0,0.0,125.0,0.0927
126.0,0.0,126.0,0.232
127.0,0.0,127.0,0.232
128.0,0.0,128.0,0.243
129.0,0.0,129.0,0.232
130.0,0.0,130.0,0.232
131.0,0.0,131.0,0.266
132.0,0.0,132.0,0.301
133.0,0.0,133.0,0.0
134.0,0.0,134.0,0.0
135.0,0.0,135.0,0.0
136.0,0.0,136.0,0.0579
137.0,0.0,137.0,0.185
138.0,0.0,138.0,0.162
139.0,0.0,139.0,0.0
140.0,0.0,140.0,0.0
141.0,0.0,141.0,0.0
142.0,0.0,142.0,0.0
143.0,0.521,143.0,0.0
144.0,0.521,144.0,0.0
145.0,0.521,145.0,0.0
146.0,0.0,146.0,0.0
147.0,0.0,147.0,0.0
148.0,0.521,148.0,0.0
149.0,0.0,149.0,1.05
150.0,0.0,150.0,2.14
151.0,0.0,151.0,0.0
152.0,0.0,152.0,0.0116
153.0,3.13,153.0,0.0232
154.0,0.0,154.0,0.0
155.0,0.0,155.0,0.0
156.0,0.0,156.0,0.0116
157.0,0.0,157.0,0.0
158.0,0.0,158.0,0.0
159.0,0.0,159.0,0.0
160.0,0.0,160.0,0.0
161.0,0.0,161.0,0.0
162.0,0.0,162.0,0.0116
163.0,0.0,163.0,0.29
164.0,0.0,164.0,0.336
165.0,0.0,165.0,0.336
166.0,0.0,166.0,0.348
167.0,0.0,167.0,0.336
168.0,0.0,168.0,0.336
169.0,0.0,169.0,0.359
170.0,0.0,170.0,0.324
171.0,0.0,171.0,0.336
172.0,1.04,172.0,0.29
173.0,0.521,173.0,0.0116
174.0,0.0,174.0,0.0116
175.0,0.521,175.0,0.0
176.0,0.521,176.0,0.0
177.0,0.0,177.0,0.0232
178.0,0.0,178.0,0.463
179.0,0.521,179.0,0.0348
180.0,0.521,180.0,0.0
181.0,0.0,181.0,0.0811
182.0,0.521,182.0,0.0695
183.0,0.0,183.0,0.232
184.0,0.0,184.0,0.336
185.0,0.0,185.0,0.29
186.0,0.0,186.0,0.301
187.0,0.0,187.0,0.336
188.0,0.0,188.0,0.313
189.0,0.0,189.0,0.243
190.0,0.0,190.0,0.255
191.0,0.0,191.0,0.278
192.0,0.0,192.0,0.29
193.0,0.0,193.0,0.278
194.0,0.0,194.0,0.266
195.0,0.0,195.0,0.29
196.0,0.521,196.0,0.266
197.0,0.521,197.0,0.278
198.0,0.521,198.0,0.255
199.0,1.04,199.0,0.301
200.0,1.04,200.0,0.29
201.0,0.521,201.0,0.162
202.0,0.0,202.0,0.174
203.0,0.521,203.0,0.278
204.0,0.521,204.0,0.336
205.0,0.521,205.0,0.266
206.0,0.521,206.0,0.266
207.0,0.0,207.0,0.0
208.0,0.0,208.0,0.0
209.0,0.0,209.0,0.0
210.0,0.0,210.0,0.0
211.0,0.0,211.0,0.0463
212.0,0.0,212.0,0.0
213.0,0.0,213.0,0.0
214.0,0.0,214.0,0.0
215.0,0.0,215.0,0.0
216.0,0.0,216.0,0.127
217.0,0.0,217.0,0.846
218.0,0.0,218.0,0.695
219.0,27.6,219.0,0.579
220.0,0.521,220.0,0.556
221.0,0.521,221.0,0.533
222.0,0.521,222.0,0.498
223.0,0.521,223.0,0.417
224.0,0.521,224.0,0.405
225.0,0.521,225.0,0.0
226.0,1.04,226.0,0.0
227.0,0.521,227.0,0.0
228.0,0.521,228.0,0.162
229.0,0.521,229.0,0.266
230.0,1.04,230.0,0.382
231.0,0.0,231.0,0.313
232.0,1.04,232.0,0.394
233.0,0.521,233.0,0.336
234.0,1.04,234.0,0.127
235.0,0.521,235.0,0.0
236.0,0.521,236.0,0.0
237.0,0.0,237.0,0.0
238.0,0.0,238.0,0.0
239.0,0.0,239.0,0.0
240.0,0.0,240.0,0.0232
241.0,0.0,241.0,0.0232
242.0,0.0,242.0,0.0
243.0,0.0,243.0,0.0
244.0,0.0,244.0,0.0
245.0,0.0,245.0,0.0579
246.0,0.0,246.0,0.348
247.0,0.0,247.0,0.313
248.0,0.0,248.0,0.29
249.0,0.0,249.0,0.359
250.0,0.0,250.0,0.324
251.0,0.0,251.0,0.452
252.0,0.0,252.0,0.765
253.0,0.0,253.0,0.88
254.0,0.0,254.0,0.869
255.0,0.0,255.0,0.487
256.0,0.0,256.0,0.371
257.0,0.0,257.0,0.139
258.0,0.0,258.0,0.139
259.0,0.0,259.0,0.0927
260.0,1.04,260.0,0.0
261.0,2.61,261.0,0.0
262.0,1.04,262.0,0.0
263.0,1.04,263.0,0.0
264.0,0.0,264.0,0.0
265.0,0.0,265.0,0.0463
266.0,0.0,266.0,0.0
267.0,0.0,267.0,0.0
268.0,0.0,268.0,0.0
269.0,0.0,269.0,0.0
270.0,0.0,270.0,0.127
271.0,0.0,271.0,0.243
272.0,0.0,272.0,0.266
273.0,0.0,273.0,0.232
274.0,0.0,274.0,0.174
275.0,0.0,275.0,0.185
276.0,0.0,276.0,0.174
277.0,0.0,277.0,0.348
278.0,0.0,278.0,0.614
279.0,0.0,279.0,0.29
280.0,0.0,280.0,0.371
281.0,0.521,281.0,0.301
282.0,0.521,282.0,0.255
283.0,1.04,283.0,0.278
284.0,0.521,284.0,0.0463
285.0,1.04,285.0,0.0116
286.0,0.0,286.0,0.0348
287.0,0.0,287.0,0.0
288.0,0.0,288.0,0.0927
289.0,0.0,289.0,0.243
290.0,0.0,290.0,0.232
291.0,0.0,291.0,0.243
292.0,0.0,292.0,0.266
293.0,0.0,293.0,0.255
294.0,0.0,294.0,0.255
295.0,0.0,295.0,0.232
296.0,0.0,296.0,0.232
297.0,0.0,297.0,0.116
298.0,0.0,298.0,0.116
299.0,0.521,299.0,0.0927
300.0,0.521,300.0,0.104
301.0,0.521,301.0,0.104
302.0,0.521,302.0,0.139
303.0,0.521,303.0,0.127
304.0,0.0,304.0,0.0
305.0,0.0,305.0,0.0
306.0,0.521,306.0,0.0
307.0,0.0,307.0,0.0116
308.0,0.0,308.0,0.0348
309.0,0.0,309.0,0.0
310.0,0.0,310.0,0.0
311.0,0.0,311.0,0.0
312.0,0.0,312.0,0.0
313.0,0.0,313.0,0.0
314.0,0.0,314.0,0.151
315.0,0.0,315.0,0.336
316.0,0.0,316.0,0.359
317.0,0.0,317.0,0.487
318.0,0.0,318.0,0.405
319.0,0.0,319.0,0.429
320.0,0.0,320.0,0.452
321.0,0.0,321.0,0.417
322.0,0.0,322.0,0.371
323.0,0.0,323.0,0.336
324.0,0.0,324.0,0.324
325.0,0.0,325.0,0.336
326.0,0.0,326.0,0.232
327.0,0.0,327.0,0.139
328.0,0.0,328.0,0.0
329.0,0.0,329.0,0.0
330.0,1.56,330.0,0.0
331.0,3.13,331.0,0.0463
332.0,0.0,332.0,0.0116
333.0,0.521,333.0,0.313
334.0,0.0,334.0,0.359
335.0,0.0,335.0,0.313
336.0,0.521,336.0,0.324
337.0,0.0,337.0,0.116
338.0,0.0,338.0,0.0463
339.0,0.0,339.0,0.0463
340.0,0.0,340.0,0.0695
341.0,0.0,341.0,0.0232
342.0,0.0,342.0,0.0695
343.0,0.521,343.0,0.0927
344.0,0.0,344.0,0.0463
345.0,0.0,345.0,0.0348
346.0,0.0,346.0,0.0232
347.0,0.0,347.0,0.0
348.0,0.0,348.0,0.0
349.0,0.521,349.0,0.0
350.0,0.0,350.0,0.0
351.0,0.0,351.0,0.0348
352.0,0.0,352.0,0.0116
353.0,0.0,353.0,0.0
354.0,0.0,354.0,0.0
355.0,0.0,355.0,0.0116
356.0,0.0,356.0,0.417
357.0,0.0,357.0,0.475
358.0,0.0,358.0,0.487
359.0,0.0,359.0,0.475
360.0,0.0,360.0,0.487
361.0,0.0,361.0,0.475
362.0,0.0,362.0,0.487
363.0,0.0,363.0,0.475
364.0,0.0,364.0,0.475
365.0,0.0,365.0,0.348
366.0,0.0,366.0,0.243
367.0,0.0,367.0,0.0348
368.0,0.0,368.0,0.0
369.0,0.0,369.0,0.0
370.0,0.0,370.0,0.0
371.0,0.0,371.0,0.0
372.0,0.0,372.0,0.0
373.0,0.0,373.0,0.0
374.0,0.521,374.0,0.0
375.0,0.521,375.0,0.0
376.0,0.521,376.0,0.0
377.0,1.56,377.0,0.0
378.0,1.56,378.0,0.0463
379.0,0.0,379.0,0.0
380.0,0.0,380.0,0.0
381.0,0.0,381.0,0.0695
382.0,0.0,382.0,0.278
383.0,0.0,383.0,0.324
384.0,0.0,384.0,0.394
385.0,0.0,385.0,0.417
386.0,0.0,386.0,0.394
387.0,0.0,387.0,0.405
388.0,0.0,388.0,0.197
389.0,0.0,389.0,0.0927
390.0,0.0,390.0,0.104
391.0,0.0,391.0,0.174
392.0,0.0,392.0,0.232
393.0,0.0,393.0,0.0116
394.0,0.0,394.0,0.0
395.0,0.0,395.0,0.0
396.0,0.521,396.0,0.0
397.0,0.0,397.0,0.0
398.0,0.521,398.0,0.0
399.0,0.0,399.0,0.0
400.0,0.521,400.0,0.0
401.0,0.0,401.0,0.0
402.0,0.521,402.0,0.0
403.0,0.521,403.0,0.0
404.0,0.0,404.0,0.0
405.0,0.521,405.0,0.0463
406.0,0.0,406.0,0.0
407.0,0.0,407.0,0.0
408.0,0.0,408.0,0.0
409.0,0.0,409.0,0.0
410.0,0.0,410.0,0.0
411.0,0.0,411.0,0.0
412.0,0.0,412.0,0.0
413.0,0.0,413.0,0.139
414.0,0.0,414.0,0.255
415.0,0.0,415.0,0.243
416.0,0.0,416.0,0.197
417.0,0.0,417.0,0.185
418.0,0.0,418.0,0.174
419.0,0.0,419.0,0.185
420.0,0.0,420.0,0.174
421.0,0.0,421.0,0.185
422.0,0.0,422.0,0.313
423.0,0.0,423.0,0.301
424.0,0.0,424.0,0.452
425.0,0.0,425.0,0.544
426.0,0.0,426.0,0.475
427.0,2.09,427.0,0.51
428.0,0.0,428.0,0.521
429.0,0.0,429.0,0.533
430.0,0.0,430.0,0.313
431.0,0.521,431.0,0.544
432.0,0.0,432.0,0.463
433.0,0.521,433.0,0.0463
434.0,0.0,434.0,0.0
435.0,0.521,435.0,0.0
436.0,0.521,436.0,0.0
437.0,2.61,437.0,0.0
438.0,1.56,438.0,0.0
439.0,1.56,439.0,0.0
440.0,1.04,440.0,0.0
441.0,1.56,441.0,0.0463
442.0,0.0,442.0,0.0348
443.0,0.0,443.0,0.405
444.0,0.0,444.0,0.266
445.0,0.0,445.0,0.162
446.0,0.521,446.0,0.0927
447.0,0.0,447.0,0.104
448.0,0.0,448.0,0.127
449.0,0.0,449.0,0.0463
450.0,0.521,450.0,0.0463
451.0,0.0,451.0,0.0348
452.0,0.0,452.0,0.0579
453.0,0.0,453.0,0.0695
454.0,0.0,454.0,0.162
455.0,0.0,455.0,0.0579
456.0,0.0,456.0,0.0
457.0,0.521,457.0,0.0348
458.0,0.0,458.0,0.0116
459.0,0.0,459.0,0.0
460.0,0.0,460.0,0.0116
461.0,0.0,461.0,0.405
462.0,0.0,462.0,0.51
463.0,0.0,463.0,0.521
464.0,0.0,464.0,0.51
465.0,0.0,465.0,0.568
466.0,0.0,466.0,0.487
467.0,0.0,467.0,0.417
468.0,0.0,468.0,0.394
469.0,0.0,469.0,0.29
470.0,0.0,470.0,0.371
471.0,0.0,471.0,0.0695
472.0,0.521,472.0,0.0
473.0,1.04,473.0,0.0
474.0,0.521,474.0,0.0
475.0,0.521,475.0,0.0
476.0,0.0,476.0,0.0
477.0,1.04,477.0,0.0
478.0,1.04,478.0,0.0463
479.0,0.0,479.0,0.0
480.0,0.0,480.0,0.0
481.0,0.0,481.0,0.0
482.0,0.0,482.0,0.0116
483.0,0.0,483.0,0.29
484.0,0.0,484.0,0.336
485.0,0.0,485.0,0.371
486.0,0.0,486.0,0.29
487.0,0.0,487.0,0.278
488.0,0.0,488.0,0.266
489.0,0.0,489.0,0.301
490.0,0.0,490.0,0.301
491.0,0.0,491.0,0.336
492.0,0.0,492.0,0.359
493.0,0.0,493.0,0.278
494.0,0.521,494.0,0.266
495.0,0.0,495.0,0.139
496.0,0.521,496.0,0.139
497.0,0.521,497.0,0.197
498.0,0.521,498.0,0.243
499.0,0.521,499.0,0.266
500.0,0.521,500.0,0.127
501.0,0.0,501.0,0.0
502.0,0.521,502.0,0.0
503.0,1.04,503.0,0.0463
504.0,0.0,504.0,0.0116
505.0,0.0,505.0,0.348
506.0,0.0,506.0,0.313
507.0,0.0,507.0,0.243
508.0,0.0,508.0,0.243
509.0,0.0,509.0,0.22
510.0,0.0,510.0,0.266
511.0,0.521,511.0,0.324
512.0,0.0,512.0,0.232
513.0,0.521,513.0,0.197
514.0,0.0,514.0,0.232
515.0,0.521,515.0,0.371
516.0,0.521,516.0,0.255
517.0,0.521,517.0,0.197
518.0,1.04,518.0,0.0463
519.0,0.0,519.0,0.0116
520.0,0.0,520.0,0.243
521.0,0.0,521.0,0.359
522.0,0.521,522.0,0.324
523.0,0.0,523.0,0.371
524.0,0.521,524.0,0.301
525.0,0.0,525.0,0.371
526.0,0.521,526.0,0.301
527.0,0.521,527.0,0.185
528.0,0.0,528.0,0.185
529.0,0.0,529.0,0.139
530.0,0.521,530.0,0.104
531.0,0.0,531.0,0.174
532.0,0.521,532.0,0.174
533.0,0.0,533.0,0.0
534.0,0.0,534.0,0.0463
535.0,0.0,535.0,0.301
536.0,0.0,536.0,0.278
537.0,0.0,537.0,0.266
538.0,0.521,538.0,0.348
539.0,0.0,539.0,0.336
540.0,0.521,540.0,0.359
541.0,0.521,541.0,0.359
542.0,0.0,542.0,0.371
543.0,0.521,543.0,0.348
544.0,0.0,544.0,0.301
545.0,0.521,545.0,0.266
546.0,0.521,546.0,0.139
547.0,0.521,547.0,0.0
548.0,0.0,548.0,0.0232
549.0,0.0,549.0,0.0232
550.0,0.0,550.0,0.0927
551.0,0.0,551.0,0.232
552.0,0.0,552.0,0.22
553.0,0.0,553.0,0.232
554.0,0.0,554.0,0.174
555.0,0.0,555.0,0.185
556.0,0.521,556.0,0.22
557.0,0.0,557.0,0.348
558.0,0.521,558.0,0.417
559.0,0.521,559.0,0.44
560.0,0.521,560.0,0.139
561.0,0.521,561.0,0.0463
562.0,0.521,562.0,0.209
563.0,0.0,563.0,0.29
564.0,0.0,564.0,0.232
565.0,0.0,565.0,0.255
566.0,0.0,566.0,0.232
567.0,0.521,567.0,0.209
568.0,0.0,568.0,0.174
569.0,0.0,569.0,0.151
570.0,0.521,570.0,0.139
571.0,0.0,571.0,0.185
572.0,0.0,572.0,0.197
573.0,0.521,573.0,0.104
574.0,0.521,574.0,0.104
575.0,0.0,575.0,0.0579
576.0,0.521,576.0,0.429
577.0,0.0,577.0,0.29
578.0,0.521,578.0,0.324
579.0,0.0,579.0,0.22
580.0,0.521,580.0,0.22
581.0,0.0,581.0,0.185
582.0,0.521,582.0,0.22
583.0,0.0,583.0,0.174
584.0,0.0,584.0,0.197
585.0,0.521,585.0,0.232
586.0,0.0,586.0,0.371
587.0,0.521,587.0,0.174
588.0,0.0,588.0,0.232
589.0,0.0,589.0,0.301
590.0,0.521,590.0,0.301
591.0,0.0,591.0,0.255
592.0,0.521,592.0,0.266
593.0,0.0,593.0,0.243
594.0,0.521,594.0,0.243
595.0,0.0,595.0,0.22
596.0,0.521,596.0,0.209
597.0,0.0,597.0,0.185
598.0,0.521,598.0,0.255
599.0,0.521,599.0,0.209
600.0,0.0,600.0,0.255
601.0,0.0,601.0,0.22
602.0,0.521,602.0,0.162
603.0,0.0,603.0,0.185
604.0,0.0,604.0,0.0927
605.0,0.0,605.0,0.151
606.0,0.521,606.0,0.127
607.0,0.0,607.0,0.116
608.0,0.0,608.0,0.116
609.0,0.521,609.0,0.0927
610.0,0.0,610.0,0.127
611.0,0.0,611.0,0.0579
612.0,0.0,612.0,0.209
613.0,0.0,613.0,0.209
614.0,0.521,614.0,0.209
615.0,0.0,615.0,0.151
616.0,0.0,616.0,0.162
617.0,0.521,617.0,0.197
618.0,0.0,618.0,0.162
619.0,0.0,619.0,0.127
620.0,0.521,620.0,0.139
621.0,0.0,621.0,0.174
622.0,0.0,622.0,0.0811
623.0,0.521,623.0,0.162
624.0,0.0,624.0,0.0348
625.0,0.0,625.0,0.0927
626.0,0.0,626.0,0.266
627.0,0.521,627.0,0.209
628.0,0.0,628.0,0.174
629.0,0.0,629.0,0.255
630.0,0.521,630.0,0.278
631.0,0.0,631.0,0.22
632.0,0.521,632.0,0.185
633.0,0.0,633.0,0.151
634.0,0.0,634.0,0.127
635.0,0.0,635.0,0.139
636.0,0.521,636.0,0.151
637.0,0.0,637.0,0.116
638.0,0.521,638.0,0.151
639.0,0.0,639.0,0.0116
640.0,0.0,640.0,0.0463
641.0,0.0,641.0,0.127
642.0,0.521,642.0,0.394
643.0,0.0,643.0,0.301
644.0,0.0,644.0,0.209
645.0,0.521,645.0,0.174
646.0,0.0,646.0,0.162
647.0,0.0,647.0,0.162
648.0,0.521,648.0,0.162
649.0,0.0,649.0,0.151
650.0,0.0,650.0,0.185
651.0,0.521,651.0,0.162
652.0,0.0,652.0,0.151
653.0,0.0,653.0,0.151
654.0,0.521,654.0,0.0695
655.0,0.0,655.0,0.29
656.0,0.521,656.0,0.359
657.0,0.0,657.0,0.255
658.0,0.0,658.0,0.151
659.0,0.521,659.0,0.162
660.0,0.0,660.0,0.197
661.0,0.521,661.0,0.197
662.0,0.0,662.0,0.232
663.0,0.0,663.0,0.255
664.0,0.521,664.0,0.232
665.0,0.0,665.0,0.209
666.0,0.521,666.0,0.104
667.0,0.0,667.0,0.266
668.0,0.0,668.0,0.394
669.0,0.521,669.0,0.301
670.0,0.0,670.0,0.29
671.0,0.521,671.0,0.197
672.0,0.0,672.0,0.232
673.0,0.521,673.0,0.174
674.0,0.0,674.0,0.255
675.0,0.0,675.0,0.243
676.0,0.521,676.0,0.209
677.0,0.0,677.0,0.232
678.0,0.521,678.0,0.162
679.0,0.0,679.0,0.0695
680.0,0.521,680.0,0.0463
681.0,0.0,681.0,0.278
682.0,0.0,682.0,0.255
683.0,0.0,683.0,0.266
684.0,0.521,684.0,0.255
685.0,0.0,685.0,0.185
686.0,0.521,686.0,0.22
687.0,0.0,687.0,0.255
688.0,0.0,688.0,0.232
689.0,0.521,689.0,0.22
690.0,0.0,690.0,0.266
691.0,0.521,691.0,0.197
692.0,0.0,692.0,0.278
693.0,0.521,693.0,0.0579
694.0,0.521,694.0,0.104
695.0,0.0,695.0,0.209
696.0,0.0,696.0,0.22
697.0,0.0,697.0,0.255
698.0,0.0,698.0,0.266
699.0,0.521,699.0,0.243
700.0,0.0,700.0,0.266
701.0,0.521,701.0,0.243
702.0,0.0,702.0,0.22
703.0,0.0,703.0,0.197
704.0,0.521,704.0,0.266
705.0,0.521,705.0,0.174
706.0,0.521,706.0,0.0348
707.0,0.0,707.0,0.0579
708.0,0.0,708.0,0.209
709.0,0.0,709.0,0.255
710.0,0.0,710.0,0.278
711.0,0.521,711.0,0.301
712.0,0.0,712.0,0.324
713.0,0.521,713.0,0.29
714.0,0.0,714.0,0.313
715.0,0.521,715.0,0.348
716.0,0.521,716.0,0.313
717.0,0.0,717.0,0.336
718.0,0.521,718.0,0.348
719.0,0.521,719.0,0.359
720.0,0.0,720.0,0.348
721.0,1.04,721.0,0.44
722.0,0.521,722.0,0.127
723.0,0.0,723.0,0.0463
724.0,0.0,724.0,0.29
725.0,0.0,725.0,0.301
726.0,0.0,726.0,0.324
727.0,0.521,727.0,0.29
728.0,0.0,728.0,0.313
729.0,0.521,729.0,0.301
730.0,0.0,730.0,0.232
731.0,0.521,731.0,0.266
732.0,0.0,732.0,0.243
733.0,0.521,733.0,0.232
734.0,0.521,734.0,0.266
735.0,0.521,735.0,0.278
736.0,0.0,736.0,0.0579
737.0,0.521,737.0,0.452
738.0,0.0,738.0,0.371
739.0,0.521,739.0,0.313
740.0,0.0,740.0,0.278
741.0,0.521,741.0,0.255
742.0,0.0,742.0,0.209
743.0,0.521,743.0,0.185
744.0,0.0,744.0,0.185
745.0,0.0,745.0,0.139
746.0,0.521,746.0,0.22
747.0,0.0,747.0,0.104
748.0,0.521,748.0,0.22
749.0,0.0,749.0,0.0695
750.0,0.0,750.0,0.382
751.0,0.521,751.0,0.475
752.0,0.521,752.0,0.371
753.0,0.0,753.0,0.313
754.0,0.521,754.0,0.243
755.0,0.0,755.0,0.29
756.0,0.521,756.0,0.278
757.0,0.0,757.0,0.266
758.0,0.521,758.0,0.232
759.0,0.0,759.0,0.185
760.0,0.521,760.0,0.209
761.0,0.0,761.0,0.151
762.0,0.521,762.0,0.185
763.0,0.0,763.0,0.44
764.0,0.0,764.0,0.371
765.0,0.521,765.0,0.359
766.0,0.0,766.0,0.348
767.0,0.521,767.0,0.348
768.0,0.521,768.0,0.29
769.0,0.0,769.0,0.324
770.0,0.521,770.0,0.336
771.0,0.521,771.0,0.324
772.0,0.521,772.0,0.348
773.0,0.0,773.0,0.348
774.0,0.521,774.0,0.116
775.0,0.0,775.0,0.255
776.0,0.521,776.0,0.301
777.0,0.0,777.0,0.29
778.0,0.521,778.0,0.324
779.0,0.0,779.0,0.324
780.0,0.521,780.0,0.278
781.0,0.521,781.0,0.348
782.0,0.0,782.0,0.324
783.0,0.521,783.0,0.336
784.0,0.521,784.0,0.313
785.0,0.0,785.0,0.359
786.0,0.521,786.0,0.209
787.0,0.521,787.0,0.301
788.0,0.0,788.0,0.278
789.0,0.521,789.0,0.255
790.0,0.0,790.0,0.232
791.0,0.0,791.0,0.209
792.0,0.521,792.0,0.232
793.0,0.0,793.0,0.22
794.0,0.521,794.0,0.232
795.0,0.0,795.0,0.209
796.0,0.0,796.0,0.197
797.0,0.521,797.0,0.255
798.0,0.0,798.0,0.197
799.0,0.521,799.0,0.266
800.0,0.0,800.0,0.255
801.0,0.521,801.0,0.255
802.0,0.0,802.0,0.266
803.0,0.521,803.0,0.278
804.0,0.0,804.0,0.232
805.0,0.521,805.0,0.255
806.0,0.0,806.0,0.255
807.0,0.521,807.0,0.255
808.0,0.0,808.0,0.232
809.0,0.521,809.0,0.151
810.0,0.0,810.0,0.209
811.0,0.521,811.0,0.301
812.0,0.0,812.0,0.313
813.0,0.521,813.0,0.255
814.0,0.0,814.0,0.22
815.0,0.0,815.0,0.232
816.0,0.521,816.0,0.243
817.0,0.0,817.0,0.266
818.0,0.521,818.0,0.255
819.0,0.0,819.0,0.209
820.0,0.521,820.0,0.197
821.0,0.0,821.0,0.139
822.0,0.521,822.0,0.22
823.0,0.0,823.0,0.243
824.0,0.0,824.0,0.243
825.0,0.521,825.0,0.255
826.0,0.0,826.0,0.278
827.0,0.521,827.0,0.266
828.0,0.0,828.0,0.266
829.0,0.521,829.0,0.278
830.0,0.0,830.0,0.266
831.0,0.521,831.0,0.232
832.0,0.0,832.0,0.127
833.0,0.521,833.0,0.197
834.0,0.0,834.0,0.255
835.0,0.521,835.0,0.266
836.0,0.0,836.0,0.243
837.0,0.521,837.0,0.243
838.0,0.0,838.0,0.29
839.0,0.521,839.0,0.243
840.0,0.0,840.0,0.197
841.0,0.0,841.0,0.209
842.0,0.521,842.0,0.266
843.0,0.0,843.0,0.209
844.0,0.521,844.0,0.336
845.0,0.0,845.0,0.405
846.0,0.521,846.0,0.382
847.0,0.521,847.0,0.382
848.0,0.0,848.0,0.348
849.0,0.521,849.0,0.336
850.0,0.521,850.0,0.336
851.0,0.0,851.0,0.348
852.0,0.521,852.0,0.371
853.0,0.521,853.0,0.348
854.0,0.0,854.0,0.255
855.0,0.521,855.0,0.127
856.0,0.0,856.0,0.174
857.0,0.521,857.0,0.324
858.0,0.0,858.0,0.382
859.0,0.521,859.0,0.324
860.0,0.0,860.0,0.29
861.0,0.0,861.0,0.324
862.0,0.521,862.0,0.313
863.0,0.521,863.0,0.301
864.0,0.0,864.0,0.348
865.0,0.521,865.0,0.359
866.0,0.521,866.0,0.336
867.0,0.521,867.0,0.324
868.0,0.521,868.0,0.116
869.0,0.0,869.0,0.174
870.0,0.0,870.0,0.371
871.0,0.0,871.0,0.348
872.0,0.0,872.0,0.371
873.0,0.521,873.0,0.29
874.0,0.521,874.0,0.324
875.0,0.0,875.0,0.348
876.0,0.521,876.0,0.348
877.0,0.521,877.0,0.348
878.0,0.521,878.0,0.348
879.0,0.521,879.0,0.405
880.0,0.521,880.0,0.162
881.0,0.0,881.0,0.197
882.0,0.0,882.0,0.498
883.0,0.521,883.0,0.405
884.0,0.521,884.0,0.417
885.0,0.0,885.0,0.44
886.0,0.521,886.0,0.417
887.0,0.521,887.0,0.44
888.0,0.521,888.0,0.405
889.0,0.521,889.0,0.429
890.0,0.521,890.0,0.417
891.0,0.521,891.0,0.533
892.0,0.521,892.0,0.44
893.0,0.521,893.0,0.429
894.0,0.521,894.0,0.359
895.0,0.0,895.0,0.278
896.0,0.521,896.0,0.405
897.0,0.521,897.0,0.394
898.0,0.0,898.0,0.394
899.0,0.521,899.0,0.382
900.0,0.521,900.0,0.359
901.0,0.521,901.0,0.371
902.0,0.0,902.0,0.405
903.0,0.521,903.0,0.51
904.0,0.521,904.0,0.371
905.0,0.0,905.0,0.313
906.0,1.04,906.0,0.255
907.0,0.0,907.0,0.278
908.0,0.0,908.0,0.324
909.0,0.521,909.0,0.348
910.0,0.0,910.0,0.336
911.0,0.521,911.0,0.371
912.0,0.521,912.0,0.336
913.0,0.0,913.0,0.29
914.0,0.521,914.0,0.417
915.0,0.521,915.0,0.359
916.0,0.521,916.0,0.417
917.0,0.521,917.0,0.348
918.0,0.0,918.0,0.127
919.0,0.0,919.0,0.29
920.0,0.521,920.0,0.29
921.0,0.0,921.0,0.29
922.0,0.521,922.0,0.301
923.0,0.0,923.0,0.301
924.0,0.521,924.0,0.301
925.0,0.521,925.0,0.266
926.0,0.0,926.0,0.313
927.0,0.521,927.0,0.405
928.0,0.521,928.0,0.359
929.0,0.521,929.0,0.255
930.0,0.0,930.0,0.255
931.0,0.0,931.0,0.243
932.0,0.521,932.0,0.232
933.0,0.0,933.0,0.209
934.0,0.521,934.0,0.197
935.0,0.0,935.0,0.22
936.0,0.0,936.0,0.185
937.0,0.521,937.0,0.151
938.0,0.0,938.0,0.232
939.0,0.521,939.0,0.29
940.0,0.0,940.0,0.139
941.0,0.0,941.0,0.185
942.0,0.521,942.0,0.255
943.0,0.0,943.0,0.22
944.0,0.0,944.0,0.232
945.0,0.521,945.0,0.255
946.0,0.0,946.0,0.266
947.0,0.521,947.0,0.22
948.0,0.0,948.0,0.22
949.0,0.521,949.0,0.313
950.0,0.521,950.0,0.429
951.0,0.0,951.0,0.29
952.0,0.521,952.0,0.301
953.0,0.0,953.0,0.278
954.0,0.521,954.0,0.243
955.0,0.0,955.0,0.255
956.0,0.521,956.0,0.266
957.0,0.0,957.0,0.29
958.0,0.521,958.0,0.255
959.0,0.0,959.0,0.243
960.0,0.521,960.0,0.301
961.0,0.521,961.0,0.405
962.0,0.521,962.0,0.22
963.0,0.0,963.0,0.278
964.0,0.0,964.0,0.29
965.0,0.521,965.0,0.266
966.0,0.0,966.0,0.255
967.0,0.521,967.0,0.255
968.0,0.0,968.0,0.266
969.0,0.521,969.0,0.266
970.0,0.0,970.0,0.255
971.0,0.521,971.0,0.22
972.0,0.0,972.0,0.29
973.0,0.521,973.0,0.162
974.0,0.0,974.0,0.232
975.0,0.0,975.0,0.209
976.0,0.521,976.0,0.209
977.0,0.0,977.0,0.209
978.0,0.521,978.0,0.209
979.0,0.0,979.0,0.162
980.0,0.0,980.0,0.151
981.0,0.521,981.0,0.174
982.0,0.0,982.0,0.162
983.0,0.0,983.0,0.151
984.0,0.521,984.0,0.162
985.0,0.0,985.0,0.209
986.0,0.521,986.0,0.197
987.0,0.0,987.0,0.185
988.0,0.0,988.0,0.197
989.0,0.521,989.0,0.197
990.0,0.0,990.0,0.197
991.0,0.0,991.0,0.209
992.0,0.521,992.0,0.22
993.0,0.0,993.0,0.22
994.0,0.521,994.0,0.22
995.0,0.0,995.0,0.174
996.0,0.0,996.0,0.243
997.0,0.521,997.0,0.255
998.0,0.0,998.0,0.266
999.0,0.521,999.0,0.278
1000.0,0.0,1000.0,0.29
1001.0,0.521,1001.0,0.278
1002.0,0.521,1002.0,0.29
1003.0,0.0,1003.0,0.255
1004.0,0.521,1004.0,0.278
1005.0,0.0,1005.0,0.243
1006.0,0.521,1006.0,0.29
1007.0,0.0,1007.0,0.266
1008.0,0.0,1008.0,0.29
1009.0,0.521,1009.0,0.278
1010.0,0.521,1010.0,0.278
1011.0,0.0,1011.0,0.29
1012.0,0.521,1012.0,0.278
1013.0,0.0,1013.0,0.301
1014.0,0.521,1014.0,0.301
1015.0,0.0,1015.0,0.278
1016.0,0.521,1016.0,0.336
1017.0,0.521,1017.0,0.29
1018.0,0.0,1018.0,0.313
1019.0,0.521,1019.0,0.324
1020.0,0.0,1020.0,0.301
1021.0,0.521,1021.0,0.278
1022.0,0.0,1022.0,0.278
1023.0,0.521,1023.0,0.278
1024.0,0.521,1024.0,0.29
1025.0,0.0,1025.0,0.29
1026.0,0.521,1026.0,0.313
1027.0,0.0,1027.0,0.29
1028.0,0.521,1028.0,0.278
1029.0,0.0,1029.0,0.29
1030.0,0.521,1030.0,0.324
1031.0,0.0,1031.0,0.266
1032.0,0.521,1032.0,0.29
1033.0,0.521,1033.0,0.29
1034.0,0.0,1034.0,0.336
1035.0,0.521,1035.0,0.394
1036.0,0.521,1036.0,0.382
1037.0,0.0,1037.0,0.359
1038.0,0.521,1038.0,0.394
1039.0,0.521,1039.0,0.405
1040.0,0.521,1040.0,0.371
1041.0,0.0,1041.0,0.348
1042.0,0.521,1042.0,0.348
1043.0,0.521,1043.0,0.324
1044.0,0.0,1044.0,0.324
1045.0,0.521,1045.0,0.324
1046.0,0.521,1046.0,0.278
1047.0,0.0,1047.0,0.324
1048.0,0.521,1048.0,0.301
1049.0,0.521,1049.0,0.336
1050.0,0.0,1050.0,0.324
1051.0,0.0,1051.0,0.243
1052.0,0.521,1052.0,0.278
1053.0,0.0,1053.0,0.278
1054.0,0.521,1054.0,0.255
1055.0,0.521,1055.0,0.278
1056.0,0.0,1056.0,0.29
1057.0,0.521,1057.0,0.29
1058.0,0.0,1058.0,0.278
1059.0,0.521,1059.0,0.278
1060.0,0.521,1060.0,0.394
1061.0,0.0,1061.0,0.255
1062.0,0.521,1062.0,0.301
1063.0,0.0,1063.0,0.301
1064.0,0.521,1064.0,0.29
1065.0,0.0,1065.0,0.278
1066.0,0.521,1066.0,0.266
1067.0,0.0,1067.0,0.266
1068.0,0.521,1068.0,0.278
1069.0,0.0,1069.0,0.266
1070.0,0.521,1070.0,0.243
1071.0,0.0,1071.0,0.313
1072.0,0.521,1072.0,0.278
1073.0,0.0,1073.0,0.313
1074.0,0.521,1074.0,0.324
1075.0,0.521,1075.0,0.348
1076.0,0.0,1076.0,0.336
1077.0,0.521,1077.0,0.313
1078.0,0.521,1078.0,0.324
1079.0,0.0,1079.0,0.301
1080.0,0.521,1080.0,0.336
1081.0,0.521,1081.0,0.359
1082.0,0.0,1082.0,0.371
1083.0,0.521,1083.0,0.359
1084.0,0.521,1084.0,0.336
1085.0,0.0,1085.0,0.336
1086.0,0.521,1086.0,0.336
1087.0,0.521,1087.0,0.336
1088.0,0.0,1088.0,0.313
1089.0,0.521,1089.0,0.301
1090.0,0.0,1090.0,0.29
1091.0,0.521,1091.0,0.266
1092.0,0.521,1092.0,0.417
1093.0,0.0,1093.0,0.313
1094.0,0.521,1094.0,0.278
1095.0,0.0,1095.0,0.301
1096.0,0.521,1096.0,0.359
1097.0,0.0,1097.0,0.348
1098.0,0.521,1098.0,0.324
1099.0,0.521,1099.0,0.336
1100.0,0.0,1100.0,0.336
1101.0,0.521,1101.0,0.336
1102.0,0.521,1102.0,0.313
1103.0,0.521,1103.0,0.452
1104.0,0.0,1104.0,0.324
1105.0,0.521,1105.0,0.336
1106.0,0.0,1106.0,0.301
1107.0,0.521,1107.0,0.232
1108.0,0.0,1108.0,0.232
1109.0,0.521,1109.0,0.255
1110.0,0.0,1110.0,0.255
1111.0,0.521,1111.0,0.22
1112.0,0.0,1112.0,0.197
1113.0,0.521,1113.0,0.209
1114.0,0.0,1114.0,0.359
1115.0,0.521,1115.0,0.266
1116.0,0.0,1116.0,0.232
1117.0,0.521,1117.0,0.255
1118.0,0.0,1118.0,0.278
1119.0,0.521,1119.0,0.266
1120.0,0.0,1120.0,0.266
1121.0,0.521,1121.0,0.278
1122.0,0.0,1122.0,0.266
1123.0,0.521,1123.0,0.243
1124.0,0.0,1124.0,0.301
1125.0,0.521,1125.0,0.324
1126.0,0.0,1126.0,0.266
1127.0,0.521,1127.0,0.243
1128.0,0.0,1128.0,0.29
1129.0,0.521,1129.0,0.29
1130.0,0.521,1130.0,0.313
1131.0,0.0,1131.0,0.301
1132.0,0.521,1132.0,0.313
1133.0,0.521,1133.0,0.29
1134.0,0.0,1134.0,0.278
1135.0,0.521,1135.0,0.429
1136.0,0.0,1136.0,0.301
1137.0,0.521,1137.0,0.278
1138.0,0.0,1138.0,0.301
1139.0,0.521,1139.0,0.313
1140.0,0.521,1140.0,0.266
1141.0,0.0,1141.0,0.209
1142.0,0.0,1142.0,0.209
1143.0,0.521,1143.0,0.197
1144.0,0.0,1144.0,0.22
1145.0,0.521,1145.0,0.185
1146.0,0.0,1146.0,0.278
1147.0,0.521,1147.0,0.255
1148.0,0.0,1148.0,0.278
1149.0,0.521,1149.0,0.278
1150.0,0.0,1150.0,0.278
1151.0,0.521,1151.0,0.266
1152.0,0.0,1152.0,0.278
1153.0,0.521,1153.0,0.278
1154.0,0.0,1154.0,0.278
1155.0,0.521,1155.0,0.29
1156.0,0.521,1156.0,0.313
1157.0,0.0,1157.0,0.266
1158.0,0.0,1158.0,0.278
1159.0,0.521,1159.0,0.278
1160.0,0.0,1160.0,0.255
1161.0,0.521,1161.0,0.313
1162.0,0.521,1162.0,0.29
1163.0,0.0,1163.0,0.278
1164.0,0.521,1164.0,0.278
1165.0,0.0,1165.0,0.278
1166.0,0.521,1166.0,0.266
1167.0,0.521,1167.0,0.336
1168.0,0.0,1168.0,0.301
1169.0,0.521,1169.0,0.29
1170.0,0.0,1170.0,0.29
1171.0,0.521,1171.0,0.313
1172.0,0.0,1172.0,0.313
1173.0,0.521,1173.0,0.313
1174.0,0.521,1174.0,0.324
1175.0,0.0,1175.0,0.313
1176.0,0.521,1176.0,0.324
1177.0,0.521,1177.0,0.336
1178.0,0.0,1178.0,0.324
1179.0,0.0,1179.0,0.313
1180.0,0.521,1180.0,0.324
1181.0,0.521,1181.0,0.301
1182.0,0.0,1182.0,0.336
1183.0,0.521,1183.0,0.324
1184.0,0.0,1184.0,0.336
1185.0,0.521,1185.0,0.313
1186.0,0.521,1186.0,0.29
1187.0,0.0,1187.0,0.266
1188.0,0.521,1188.0,0.243
1189.0,0.0,1189.0,0.313
1190.0,0.521,1190.0,0.255
1191.0,0.0,1191.0,0.243
1192.0,0.521,1192.0,0.255
1193.0,0.0,1193.0,0.232
1194.0,0.521,1194.0,0.243
1195.0,0.0,1195.0,0.232
1196.0,0.521,1196.0,0.255
1197.0,0.0,1197.0,0.255
1198.0,0.521,1198.0,0.197
1199.0,0.0,1199.0,0.313
1200.0,0.521,1200.0,0.336
1201.0,0.0,1201.0,0.336
1202.0,0.521,1202.0,0.324
1203.0,0.521,1203.0,0.359
1204.0,0.0,1204.0,0.336
1205.0,0.521,1205.0,0.348
1206.0,0.521,1206.0,0.336
1207.0,0.0,1207.0,0.336
1208.0,0.521,1208.0,0.348
1209.0,0.521,1209.0,0.371
1210.0,0.0,1210.0,0.371
1211.0,0.521,1211.0,0.29
1212.0,0.521,1212.0,0.313
1213.0,0.0,1213.0,0.278
1214.0,0.521,1214.0,0.29
1215.0,0.0,1215.0,0.266
1216.0,0.521,1216.0,0.255
1217.0,0.0,1217.0,0.232
1218.0,0.521,1218.0,0.232
1219.0,0.0,1219.0,0.209
1220.0,0.521,1220.0,0.255
1221.0,0.0,1221.0,0.232
1222.0,0.0,1222.0,0.255
1223.0,0.521,1223.0,0.255
1224.0,0.0,1224.0,0.278
1225.0,0.521,1225.0,0.313
1226.0,0.521,1226.0,0.313
1227.0,0.0,1227.0,0.313
1228.0,0.521,1228.0,0.29
1229.0,0.0,1229.0,0.324
1230.0,0.521,1230.0,0.313
1231.0,0.521,1231.0,0.382
1232.0,0.0,1232.0,0.278
1233.0,0.521,1233.0,0.278
1234.0,0.0,1234.0,0.243
1235.0,0.521,1235.0,0.266
1236.0,0.0,1236.0,0.243
1237.0,0.521,1237.0,0.266
1238.0,0.0,1238.0,0.255
1239.0,0.521,1239.0,0.266
1240.0,0.0,1240.0,0.255
1241.0,0.521,1241.0,0.278
1242.0,0.0,1242.0,0.29
1243.0,0.521,1243.0,0.29
1244.0,0.0,1244.0,0.278
1245.0,0.521,1245.0,0.313
1246.0,0.0,1246.0,0.348
1247.0,0.521,1247.0,0.336
1248.0,0.521,1248.0,0.336
1249.0,0.521,1249.0,0.371
1250.0,0.0,1250.0,0.371
1251.0,0.521,1251.0,0.405
1252.0,0.521,1252.0,0.44
1253.0,0.521,1253.0,0.324
1254.0,0.0,1254.0,0.301
1255.0,0.521,1255.0,0.324
1256.0,0.521,1256.0,0.324
1257.0,0.0,1257.0,0.324
1258.0,0.521,1258.0,0.324
1259.0,0.0,1259.0,0.348
1260.0,0.521,1260.0,0.359
1261.0,0.521,1261.0,0.336
1262.0,0.521,1262.0,0.336
1263.0,0.0,1263.0,0.44
1264.0,0.521,1264.0,0.336
1265.0,0.0,1265.0,0.301
1266.0,0.521,1266.0,0.266
1267.0,0.0,1267.0,0.266
1268.0,0.521,1268.0,0.232
1269.0,0.0,1269.0,0.232
1270.0,0.521,1270.0,0.232
1271.0,0.0,1271.0,0.243
1272.0,0.521,1272.0,0.232
1273.0,0.0,1273.0,0.197
1274.0,0.521,1274.0,0.278
1275.0,0.0,1275.0,0.22
1276.0,0.0,1276.0,0.22
1277.0,0.521,1277.0,0.255
1278.0,0.521,1278.0,0.278
1279.0,0.0,1279.0,0.278
1280.0,0.521,1280.0,0.301
1281.0,0.0,1281.0,0.313
1282.0,0.521,1282.0,0.324
1283.0,0.0,1283.0,0.348
1284.0,0.521,1284.0,0.301
1285.0,0.521,1285.0,0.336
1286.0,0.0,1286.0,0.359
1287.0,0.521,1287.0,0.29
1288.0,0.0,1288.0,0.313
1289.0,0.521,1289.0,0.313
1290.0,0.521,1290.0,0.324
1291.0,0.0,1291.0,0.324
1292.0,0.521,1292.0,0.301
1293.0,0.0,1293.0,0.336
1294.0,0.521,1294.0,0.243
1295.0,0.521,1295.0,0.348
1296.0,0.0,1296.0,0.301
1297.0,0.521,1297.0,0.29
1298.0,0.0,1298.0,0.255
1299.0,0.521,1299.0,0.278
1300.0,0.0,1300.0,0.278
1301.0,0.521,1301.0,0.29
1302.0,0.0,1302.0,0.313
1303.0,0.521,1303.0,0.324
1304.0,0.521,1304.0,0.313
1305.0,0.0,1305.0,0.313
1306.0,0.521,1306.0,0.278
1307.0,0.0,1307.0,0.313
1308.0,0.521,1308.0,0.278
1309.0,0.0,1309.0,0.324
1310.0,0.521,1310.0,0.301
1311.0,0.521,1311.0,0.301
1312.0,0.0,1312.0,0.29
1313.0,0.521,1313.0,0.313
1314.0,0.521,1314.0,0.301
1315.0,0.0,1315.0,0.301
1316.0,0.521,1316.0,0.255
1317.0,0.0,1317.0,0.371
1318.0,0.521,1318.0,0.324
1319.0,0.0,1319.0,0.313
1320.0,0.521,1320.0,0.29
1321.0,0.521,1321.0,0.324
1322.0,0.0,1322.0,0.348
1323.0,0.521,1323.0,0.324
1324.0,0.521,1324.0,0.324
1325.0,0.0,1325.0,0.336
1326.0,0.521,1326.0,0.313
1327.0,0.521,1327.0,0.336
1328.0,0.0,1328.0,0.348
1329.0,0.521,1329.0,0.313
1330.0,0.0,1330.0,0.313
1331.0,0.521,1331.0,0.29
1332.0,0.0,1332.0,0.301
1333.0,0.521,1333.0,0.29
1334.0,0.521,1334.0,0.29
1335.0,0.0,1335.0,0.301
1336.0,0.521,1336.0,0.29
1337.0,0.0,1337.0,0.313
1338.0,0.521,1338.0,0.301
1339.0,0.0,1339.0,0.29
1340.0,0.521,1340.0,0.29
1341.0,0.0,1341.0,0.301
1342.0,0.521,1342.0,0.266
1343.0,0.521,1343.0,0.278
1344.0,0.0,1344.0,0.301
1345.0,0.521,1345.0,0.301
1346.0,0.0,1346.0,0.301
1347.0,0.521,1347.0,0.313
1348.0,0.521,1348.0,0.243
1349.0,0.0,1349.0,0.324
1350.0,0.521,1350.0,0.301
1351.0,0.0,1351.0,0.324
1352.0,0.521,1352.0,0.324
1353.0,0.0,1353.0,0.301
1354.0,0.521,1354.0,0.324
1355.0,0.521,1355.0,0.324
1356.0,0.0,1356.0,0.301
1357.0,0.521,1357.0,0.301
1358.0,0.521,1358.0,0.29
1359.0,0.0,1359.0,0.313
1360.0,0.521,1360.0,0.405
1361.0,0.0,1361.0,0.278
1362.0,0.521,1362.0,0.243
1363.0,0.0,1363.0,0.278
1364.0,0.521,1364.0,0.266
1365.0,0.521,1365.0,0.278
1366.0,0.0,1366.0,0.266
1367.0,0.521,1367.0,0.278
1368.0,0.0,1368.0,0.255
1369.0,0.521,1369.0,0.266
1370.0,0.0,1370.0,0.29
1371.0,0.521,1371.0,0.371
1372.0,0.0,1372.0,0.324
1373.0,0.521,1373.0,0.313
1374.0,0.0,1374.0,0.313
1375.0,0.521,1375.0,0.359
1376.0,0.521,1376.0,0.324
1377.0,0.0,1377.0,0.348
1378.0,0.521,1378.0,0.324
1379.0,0.521,1379.0,0.359
1380.0,0.0,1380.0,0.324
1381.0,0.521,1381.0,0.417
1382.0,0.521,1382.0,0.359
1383.0,0.521,1383.0,0.371
1384.0,0.0,1384.0,0.359
1385.0,0.521,1385.0,0.348
1386.0,0.521,1386.0,0.359
1387.0,0.521,1387.0,0.348
1388.0,0.0,1388.0,0.348
1389.0,0.521,1389.0,0.336
1390.0,0.0,1390.0,0.336
1391.0,0.521,1391.0,0.29
1392.0,0.521,1392.0,0.313
1393.0,0.0,1393.0,0.243
1394.0,0.0,1394.0,0.209
1395.0,0.521,1395.0,0.209
1396.0,0.0,1396.0,0.232
1397.0,0.521,1397.0,0.209
1398.0,0.0,1398.0,0.22
1399.0,0.521,1399.0,0.255
1400.0,0.0,1400.0,0.255
1401.0,0.0,1401.0,0.266
1402.0,0.521,1402.0,0.22
1403.0,0.521,1403.0,0.29
1404.0,0.0,1404.0,0.29
1405.0,0.521,1405.0,0.266
1406.0,0.0,1406.0,0.278
1407.0,0.521,1407.0,0.278
1408.0,0.0,1408.0,0.313
1409.0,0.521,1409.0,0.301
1410.0,0.521,1410.0,0.301
1411.0,0.0,1411.0,0.29
1412.0,0.521,1412.0,0.29
1413.0,0.0,1413.0,0.266
1414.0,0.0,1414.0,0.313
1415.0,0.521,1415.0,0.255
1416.0,0.0,1416.0,0.232
1417.0,0.521,1417.0,0.209
1418.0,0.0,1418.0,0.209
1419.0,0.521,1419.0,0.243
1420.0,0.0,1420.0,0.255
1421.0,0.521,1421.0,0.243
1422.0,0.0,1422.0,0.266
1423.0,0.521,1423.0,0.266
1424.0,0.521,1424.0,0.359
1425.0,0.0,1425.0,0.29
1426.0,0.521,1426.0,0.266
1427.0,0.0,1427.0,0.313
1428.0,0.521,1428.0,0.278
1429.0,0.0,1429.0,0.266
1430.0,0.521,1430.0,0.266
1431.0,0.0,1431.0,0.278
1432.0,0.521,1432.0,0.255
1433.0,0.0,1433.0,0.278
1434.0,0.521,1434.0,0.301
1435.0,0.0,1435.0,0.336
1436.0,0.521,1436.0,0.301
1437.0,0.0,1437.0,0.266
1438.0,0.521,1438.0,0.29
1439.0,0.521,1439.0,0.266
1440.0,0.0,1440.0,0.266
1441.0,0.521,1441.0,0.278
1442.0,0.0,1442.0,0.255
1443.0,0.521,1443.0,0.266
1444.0,0.0,1444.0,0.255
1445.0,0.521,1445.0,0.348
1446.0,0.0,1446.0,0.29
1447.0,0.521,1447.0,0.266
1448.0,0.0,1448.0,0.243
1449.0,0.521,1449.0,0.22
1450.0,0.0,1450.0,0.209
1451.0,0.521,1451.0,0.22
1452.0,0.0,1452.0,0.209
1453.0,0.521,1453.0,0.197
1454.0,0.0,1454.0,0.22
1455.0,0.0,1455.0,0.185
1456.0,0.521,1456.0,0.313
1457.0,0.0,1457.0,0.197
1458.0,0.521,1458.0,0.209
1459.0,0.0,1459.0,0.209
1460.0,0.0,1460.0,0.197
1461.0,0.521,1461.0,0.243
1462.0,0.0,1462.0,0.255
1463.0,0.521,1463.0,0.255
1464.0,0.0,1464.0,0.278
1465.0,0.521,1465.0,0.243
1466.0,0.0,1466.0,0.266
1467.0,0.521,1467.0,0.29
1468.0,0.521,1468.0,0.266
1469.0,0.0,1469.0,0.278
1470.0,0.521,1470.0,0.29
1471.0,0.0,1471.0,0.29
1472.0,0.521,1472.0,0.313
1473.0,0.0,1473.0,0.301
1474.0,0.521,1474.0,0.29
1475.0,0.521,1475.0,0.301
1476.0,0.0,1476.0,0.301
1477.0,0.0,1477.0,0.336
1478.0,0.521,1478.0,0.278
1479.0,0.521,1479.0,0.266
1480.0,0.0,1480.0,0.255
1481.0,0.521,1481.0,0.29
1482.0,0.0,1482.0,0.301
1483.0,0.521,1483.0,0.313
1484.0,0.0,1484.0,0.301
1485.0,0.521,1485.0,0.313
1486.0,0.521,1486.0,0.301
1487.0,0.0,1487.0,0.301
1488.0,0.521,1488.0,0.371
1489.0,0.521,1489.0,0.313
1490.0,0.0,1490.0,0.336
1491.0,0.521,1491.0,0.359
1492.0,0.521,1492.0,0.336
1493.0,0.0,1493.0,0.324
1494.0,0.521,1494.0,0.324
1495.0,0.521,1495.0,0.348
1496.0,0.0,1496.0,0.336
1497.0,0.521,1497.0,0.324
1498.0,0.521,1498.0,0.313
1499.0,0.0,1499.0,0.336
1500.0,0.0,1500.0,0.243
1501.0,0.521,1501.0,0.22
1502.0,0.0,1502.0,0.255
1503.0,0.521,1503.0,0.255
1504.0,0.0,1504.0,0.266
1505.0,0.521,1505.0,0.301
1506.0,0.0,1506.0,0.278
1507.0,0.521,1507.0,0.301
1508.0,0.0,1508.0,0.29
1509.0,0.521,1509.0,0.22
1510.0,0.521,1510.0,0.336
1511.0,0.0,1511.0,0.278
1512.0,0.521,1512.0,0.278
1513.0,0.0,1513.0,0.301
1514.0,0.521,1514.0,0.278
1515.0,0.0,1515.0,0.266
1516.0,0.521,1516.0,0.266
1517.0,0.0,1517.0,0.301
1518.0,0.521,1518.0,0.266
1519.0,0.521,1519.0,0.301
1520.0,0.0,1520.0,0.359
1521.0,0.521,1521.0,0.255
1522.0,0.0,1522.0,0.278
1523.0,0.521,1523.0,0.278
1524.0,0.0,1524.0,0.255
1525.0,0.521,1525.0,0.29
1526.0,0.0,1526.0,0.29
1527.0,0.521,1527.0,0.278
1528.0,0.0,1528.0,0.301
1529.0,0.521,1529.0,0.278
1530.0,0.0,1530.0,0.313
1531.0,0.521,1531.0,0.313
1532.0,0.521,1532.0,0.232
1533.0,0.0,1533.0,0.266
1534.0,0.521,1534.0,0.29
1535.0,0.0,1535.0,0.266
1536.0,0.521,1536.0,0.266
1537.0,0.0,1537.0,0.255
1538.0,0.521,1538.0,0.278
1539.0,0.0,1539.0,0.255
1540.0,0.521,1540.0,0.278
1541.0,0.0,1541.0,0.336
1542.0,0.521,1542.0,0.313
1543.0,0.0,1543.0,0.278
1544.0,0.521,1544.0,0.278
1545.0,0.0,1545.0,0.301
1546.0,0.521,1546.0,0.278
1547.0,0.521,1547.0,0.278
1548.0,0.0,1548.0,0.29
1549.0,0.521,1549.0,0.278
1550.0,0.0,1550.0,0.255
1551.0,0.521,1551.0,0.266
1552.0,0.0,1552.0,0.313
1553.0,0.521,1553.0,0.243
1554.0,0.0,1554.0,0.209
1555.0,0.521,1555.0,0.232
1556.0,0.0,1556.0,0.232
1557.0,0.521,1557.0,0.255
1558.0,0.0,1558.0,0.255
1559.0,0.521,1559.0,0.278
1560.0,0.0,1560.0,0.266
1561.0,0.521,1561.0,0.266
1562.0,0.0,1562.0,0.255
1563.0,0.521,1563.0,0.382
1564.0,0.0,1564.0,0.243
1565.0,0.521,1565.0,0.209
1566.0,0.0,1566.0,0.232
1567.0,0.521,1567.0,0.22
1568.0,0.0,1568.0,0.22
1569.0,0.0,1569.0,0.174
1570.0,0.521,1570.0,0.185
1571.0,0.0,1571.0,0.185
1572.0,0.521,1572.0,0.174
1573.0,0.0,1573.0,0.197
1574.0,0.0,1574.0,0.243
1575.0,0.521,1575.0,0.22
1576.0,0.0,1576.0,0.22
1577.0,0.521,1577.0,0.243
1578.0,0.0,1578.0,0.266
1579.0,0.521,1579.0,0.29
1580.0,0.0,1580.0,0.313
1581.0,0.521,1581.0,0.301
1582.0,0.521,1582.0,0.29
1583.0,0.0,1583.0,0.324
1584.0,0.521,1584.0,0.371
1585.0,0.0,1585.0,0.301
1586.0,0.521,1586.0,0.243
1587.0,0.0,1587.0,0.278
1588.0,0.521,1588.0,0.255
1589.0,0.0,1589.0,0.255
1590.0,0.521,1590.0,0.278
1591.0,0.0,1591.0,0.255
1592.0,0.521,1592.0,0.278
1593.0,0.0,1593.0,0.266
1594.0,0.521,1594.0,0.243
1595.0,0.521,1595.0,0.324
1596.0,0.0,1596.0,0.313
1597.0,0.521,1597.0,0.313
1598.0,0.0,1598.0,0.29
1599.0,0.521,1599.0,0.278
1600.0,0.0,1600.0,0.255
1601.0,0.521,1601.0,0.266
1602.0,0.0,1602.0,0.266
1603.0,0.521,1603.0,0.255
1604.0,0.0,1604.0,0.278
1605.0,0.521,1605.0,0.255
1606.0,0.0,1606.0,0.313
1607.0,0.521,1607.0,0.278
1608.0,0.0,1608.0,0.255
1609.0,0.521,1609.0,0.243
1610.0,0.0,1610.0,0.243
1611.0,0.521,1611.0,0.209
1612.0,0.0,1612.0,0.232
1613.0,0.521,1613.0,0.243
1614.0,0.0,1614.0,0.232
1615.0,0.0,1615.0,0.255
1616.0,0.521,1616.0,0.22
1617.0,0.0,1617.0,0.22
1618.0,0.521,1618.0,0.209
1619.0,0.0,1619.0,0.197
1620.0,0.521,1620.0,0.197
1621.0,0.0,1621.0,0.209
1622.0,0.0,1622.0,0.22
1623.0,0.521,1623.0,0.232
1624.0,0.0,1624.0,0.232
1625.0,0.521,1625.0,0.278
1626.0,0.0,1626.0,0.278
1627.0,0.521,1627.0,0.301
1628.0,0.0,1628.0,0.301
1629.0,0.521,1629.0,0.243
1630.0,0.0,1630.0,0.255
1631.0,0.521,1631.0,0.255
1632.0,0.0,1632.0,0.255
1633.0,0.521,1633.0,0.232
1634.0,0.0,1634.0,0.255
1635.0,0.521,1635.0,0.232
1636.0,0.0,1636.0,0.243
1637.0,0.521,1637.0,0.243
1638.0,0.521,1638.0,0.313
1639.0,0.0,1639.0,0.255
1640.0,0.0,1640.0,0.185
1641.0,0.521,1641.0,0.209
1642.0,0.0,1642.0,0.22
1643.0,0.0,1643.0,0.232
1644.0,0.521,1644.0,0.243
1645.0,0.521,1645.0,0.266
1646.0,0.0,1646.0,0.255
1647.0,0.521,1647.0,0.266
1648.0,0.0,1648.0,0.278
1649.0,0.0,1649.0,0.255
1650.0,0.521,1650.0,0.209
1651.0,0.0,1651.0,0.232
1652.0,0.521,1652.0,0.209
1653.0,0.0,1653.0,0.243
1654.0,0.521,1654.0,0.255
1655.0,0.0,1655.0,0.255
1656.0,0.521,1656.0,0.278
1657.0,0.0,1657.0,0.29
1658.0,0.521,1658.0,0.29
1659.0,0.0,1659.0,0.324
1660.0,0.521,1660.0,0.29
1661.0,0.521,1661.0,0.301
1662.0,0.0,1662.0,0.313
1663.0,0.521,1663.0,0.278
1664.0,0.0,1664.0,0.29
1665.0,0.521,1665.0,0.301
1666.0,0.0,1666.0,0.278
1667.0,0.521,1667.0,0.29
1668.0,0.521,1668.0,0.301
1669.0,0.0,1669.0,0.278
1670.0,0.521,1670.0,0.348
1671.0,0.0,1671.0,0.29
1672.0,0.0,1672.0,0.255
1673.0,0.521,1673.0,0.29
1674.0,0.521,1674.0,0.301
1675.0,0.0,1675.0,0.29
1676.0,0.521,1676.0,0.301
1677.0,0.0,1677.0,0.29
1678.0,0.521,1678.0,0.29
1679.0,0.521,1679.0,0.29
1680.0,0.0,1680.0,0.313
1681.0,0.521,1681.0,0.313
1682.0,0.0,1682.0,0.209
1683.0,0.521,1683.0,0.22
1684.0,0.0,1684.0,0.243
1685.0,0.521,1685.0,0.243
1686.0,0.0,1686.0,0.278
1687.0,0.521,1687.0,0.266
1688.0,0.0,1688.0,0.278
1689.0,0.521,1689.0,0.29
1690.0,0.0,1690.0,0.301
1691.0,0.521,1691.0,0.29
1692.0,0.0,1692.0,0.348
1693.0,0.521,1693.0,0.278
1694.0,0.521,1694.0,0.266
1695.0,0.0,1695.0,0.266
1696.0,0.521,1696.0,0.255
1697.0,0.0,1697.0,0.232
1698.0,0.0,1698.0,0.243
1699.0,0.521,1699.0,0.243
1700.0,0.0,1700.0,0.185
1701.0,0.521,1701.0,0.232
1702.0,0.0,1702.0,0.243
1703.0,0.521,1703.0,0.243
1704.0,0.0,1704.0,0.185
1705.0,0.0,1705.0,0.197
1706.0,0.521,1706.0,0.22
1707.0,0.0,1707.0,0.22
1708.0,0.521,1708.0,0.243
1709.0,0.0,1709.0,0.243
1710.0,0.521,1710.0,0.255
1711.0,0.0,1711.0,0.243
1712.0,0.0,1712.0,0.255
1713.0,0.521,1713.0,0.301
1714.0,0.521,1714.0,0.29
1715.0,0.0,1715.0,0.29
1716.0,0.521,1716.0,0.278
1717.0,0.0,1717.0,0.278
1718.0,0.521,1718.0,0.313
1719.0,0.0,1719.0,0.336
1720.0,0.521,1720.0,0.301
1721.0,0.521,1721.0,0.301
1722.0,0.0,1722.0,0.278
1723.0,0.521,1723.0,0.301
1724.0,0.521,1724.0,0.359
1725.0,0.0,1725.0,0.324
1726.0,0.521,1726.0,0.313
1727.0,0.0,1727.0,0.313
1728.0,0.521,1728.0,0.313
1729.0,0.521,1729.0,0.336
1730.0,0.0,1730.0,0.336
1731.0,0.521,1731.0,0.313
1732.0,0.521,1732.0,0.324
1733.0,0.0,1733.0,0.348
1734.0,0.521,1734.0,0.371
1735.0,0.0,1735.0,0.359
1736.0,0.521,1736.0,0.29
1737.0,0.0,1737.0,0.301
1738.0,0.521,1738.0,0.313
1739.0,0.521,1739.0,0.324
1740.0,0.0,1740.0,0.324
1741.0,0.521,1741.0,0.324
1742.0,0.521,1742.0,0.336
1743.0,0.0,1743.0,0.301
1744.0,0.521,1744.0,0.348
1745.0,0.521,1745.0,0.359
1746.0,0.0,1746.0,0.301
1747.0,0.521,1747.0,0.29
1748.0,0.0,1748.0,0.278
1749.0,0.521,1749.0,0.29
1750.0,0.521,1750.0,0.243
1751.0,0.0,1751.0,0.266
1752.0,0.521,1752.0,0.266
1753.0,0.0,1753.0,0.266
1754.0,0.521,1754.0,0.278
1755.0,0.0,1755.0,0.266
1756.0,0.521,1756.0,0.429
1757.0,0.0,1757.0,0.301
1758.0,0.521,1758.0,0.301
1759.0,0.0,1759.0,0.301
1760.0,0.521,1760.0,0.336
1761.0,0.521,1761.0,0.336
1762.0,0.0,1762.0,0.336
1763.0,0.521,1763.0,0.348
1764.0,0.521,1764.0,0.359
1765.0,0.0,1765.0,0.359
1766.0,0.521,1766.0,0.359
1767.0,0.521,1767.0,0.371
1768.0,0.0,1768.0,0.313
1769.0,0.521,1769.0,0.313
1770.0,0.521,1770.0,0.324
1771.0,0.0,1771.0,0.324
1772.0,0.521,1772.0,0.336
1773.0,0.521,1773.0,0.324
1774.0,0.0,1774.0,0.324
1775.0,0.521,1775.0,0.324
1776.0,0.0,1776.0,0.348
1777.0,0.521,1777.0,0.371
1778.0,0.521,1778.0,0.336
1779.0,0.0,1779.0,0.278
1780.0,0.521,1780.0,0.266
1781.0,0.0,1781.0,0.301
1782.0,0.521,1782.0,0.29
1783.0,0.521,1783.0,0.278
1784.0,0.0,1784.0,0.29
1785.0,0.521,1785.0,0.29
1786.0,0.0,1786.0,0.29
1787.0,0.521,1787.0,0.278
1788.0,0.521,1788.0,0.382
1789.0,0.0,1789.0,0.29
1790.0,0.521,1790.0,0.29
1791.0,0.0,1791.0,0.324
1792.0,0.521,1792.0,0.336
1793.0,0.521,1793.0,0.313
1794.0,0.0,1794.0,0.324
1795.0,0.521,1795.0,0.324
1796.0,0.521,1796.0,0.336
1797.0,0.0,1797.0,0.371
1798.0,0.521,1798.0,0.324
1799.0,0.0,1799.0,0.394
1800.0,0.521,1800.0,0.301
1801.0,0.521,1801.0,0.29
1802.0,0.0,1802.0,0.301
1803.0,0.521,1803.0,0.313
1804.0,0.0,1804.0,0.324
1805.0,0.521,1805.0,0.301
1806.0,0.521,1806.0,0.313
1807.0,0.0,1807.0,0.313
1808.0,0.521,1808.0,0.29
1809.0,0.521,1809.0,0.348
1810.0,0.0,1810.0,0.266
1811.0,0.521,1811.0,0.266
1812.0,0.0,1812.0,0.29
1813.0,0.521,1813.0,0.278
1814.0,0.0,1814.0,0.278
1815.0,0.521,1815.0,0.29
1816.0,0.0,1816.0,0.266
1817.0,0.521,1817.0,0.278
1818.0,0.0,1818.0,0.278
1819.0,0.521,1819.0,0.29
1820.0,0.0,1820.0,0.382
1821.0,0.521,1821.0,0.301
1822.0,0.521,1822.0,0.301
1823.0,0.0,1823.0,0.313
1824.0,0.521,1824.0,0.313
1825.0,0.0,1825.0,0.313
1826.0,0.521,1826.0,0.313
1827.0,0.521,1827.0,0.313
1828.0,0.0,1828.0,0.324
1829.0,0.521,1829.0,0.313
1830.0,0.521,1830.0,0.313
1831.0,0.0,1831.0,0.336
1832.0,0.521,1832.0,0.313
1833.0,0.0,1833.0,0.301
1834.0,0.521,1834.0,0.313
1835.0,0.521,1835.0,0.336
1836.0,0.0,1836.0,0.324
1837.0,0.521,1837.0,0.348
1838.0,0.521,1838.0,0.336
1839.0,0.0,1839.0,0.336
1840.0,0.521,1840.0,0.336
1841.0,0.0,1841.0,0.336
1842.0,0.521,1842.0,0.324
1843.0,0.521,1843.0,0.336
1844.0,0.0,1844.0,0.324
1845.0,0.521,1845.0,0.348
1846.0,0.521,1846.0,0.348
1847.0,0.0,1847.0,0.336
1848.0,0.521,1848.0,0.359
1849.0,0.521,1849.0,0.359
1850.0,0.0,1850.0,0.382
1851.0,0.521,1851.0,0.324
1852.0,0.521,1852.0,0.336
1853.0,0.0,1853.0,0.301
1854.0,0.521,1854.0,0.266
1855.0,0.0,1855.0,0.266
1856.0,0.521,1856.0,0.255
1857.0,0.0,1857.0,0.255
1858.0,0.521,1858.0,0.22
1859.0,0.0,1859.0,0.232
1860.0,0.521,1860.0,0.209
1861.0,0.0,1861.0,0.197
1862.0,0.0,1862.0,0.232
1863.0,0.521,1863.0,0.209
1864.0,0.0,1864.0,0.255
1865.0,0.521,1865.0,0.232
1866.0,0.0,1866.0,0.209
1867.0,0.521,1867.0,0.22
1868.0,0.0,1868.0,0.22
1869.0,0.0,1869.0,0.22
1870.0,0.521,1870.0,0.22
1871.0,0.0,1871.0,0.197
1872.0,0.521,1872.0,0.22
1873.0,0.0,1873.0,0.232
1874.0,0.0,1874.0,0.197
1875.0,0.521,1875.0,0.209
1876.0,0.0,1876.0,0.209
1877.0,0.521,1877.0,0.22
1878.0,0.0,1878.0,0.209
1879.0,0.521,1879.0,0.197
1880.0,0.0,1880.0,0.197
1881.0,0.0,1881.0,0.197
1882.0,0.521,1882.0,0.185
1883.0,0.0,1883.0,0.197
1884.0,0.0,1884.0,0.22
1885.0,0.521,1885.0,0.162
1886.0,0.0,1886.0,0.174
1887.0,0.0,1887.0,0.162
1888.0,0.521,1888.0,0.162
1889.0,0.0,1889.0,0.151
1890.0,0.0,1890.0,0.174
1891.0,0.521,1891.0,0.162
1892.0,0.0,1892.0,0.162
1893.0,0.0,1893.0,0.162
1894.0,0.521,1894.0,0.22
1895.0,0.0,1895.0,0.162
1896.0,0.0,1896.0,0.174
1897.0,0.521,1897.0,0.174
1898.0,0.0,1898.0,0.174
1899.0,0.0,1899.0,0.174
1900.0,0.521,1900.0,0.185
1901.0,0.0,1901.0,0.197
1902.0,0.0,1902.0,0.185
1903.0,0.521,1903.0,0.174
1904.0,0.0,1904.0,0.197
1905.0,0.521,1905.0,0.255
1906.0,0.0,1906.0,0.209
1907.0,0.0,1907.0,0.209
1908.0,0.521,1908.0,0.232
1909.0,0.0,1909.0,0.22
1910.0,0.521,1910.0,0.22
1911.0,0.0,1911.0,0.209
1912.0,0.0,1912.0,0.209
1913.0,0.521,1913.0,0.243
1914.0,0.0,1914.0,0.22
1915.0,0.521,1915.0,0.313
1916.0,0.0,1916.0,0.266
1917.0,0.521,1917.0,0.209
1918.0,0.0,1918.0,0.185
1919.0,0.521,1919.0,0.185
1920.0,0.0,1920.0,0.174
1921.0,0.0,1921.0,0.162
