senderTs,senderMbps,receiverTs,receiverMbps
1.0,0.985,1.0,0.116
2.0,0.869,2.0,0.0116
3.0,0.0,3.0,0.174
4.0,0.0,4.0,0.0232
5.0,0.336,5.0,0.0116
6.0,0.0,6.0,0.0116
7.0,0.0,7.0,0.139
8.0,0.104,8.0,0.0463
9.0,0.0927,9.0,0.0
10.0,0.0,10.0,0.0116
11.0,0.0116,11.0,0.162
12.0,0.0579,12.0,0.0348
13.0,0.521,13.0,0.0116
14.0,0.0,14.0,0.0348
15.0,0.0,15.0,0.127
16.0,0.521,16.0,0.127
17.0,1.04,17.0,0.0
18.0,0.0,18.0,0.0
19.0,0.0,19.0,0.22
20.0,0.521,20.0,0.139
21.0,0.0,21.0,0.0695
22.0,0.521,22.0,0.0
23.0,0.0,23.0,0.0
24.0,0.0,24.0,0.0
25.0,0.0,25.0,0.0348
26.0,0.0,26.0,0.0348
27.0,0.0,27.0,0.0463
28.0,0.0,28.0,0.0463
29.0,0.0,29.0,0.0348
30.0,0.0,30.0,0.0348
31.0,0.0,31.0,0.0579
32.0,0.0,32.0,0.0116
33.0,0.0,33.0,0.0695
34.0,0.0,34.0,0.0927
35.0,0.521,35.0,0.0811
36.0,0.0,36.0,0.0348
37.0,0.0,37.0,0.0348
38.0,0.0,38.0,0.0348
39.0,0.0,39.0,0.0232
40.0,0.0,40.0,0.0116
41.0,0.0,41.0,0.0348
42.0,0.0,42.0,0.0
43.0,0.0,43.0,0.0232
44.0,0.0,44.0,0.0232
45.0,0.0,45.0,0.0232
46.0,0.0,46.0,0.0232
47.0,0.0,47.0,0.0463
48.0,0.0,48.0,0.0
49.0,0.0,49.0,0.0
50.0,0.0,50.0,0.0
51.0,0.0,51.0,0.0463
52.0,0.0,52.0,0.0
53.0,0.0,53.0,0.0
54.0,0.0,54.0,0.0
55.0,0.0,55.0,0.104
56.0,0.0,56.0,0.104
57.0,1.04,57.0,0.104
58.0,1.04,58.0,0.0348
59.0,0.521,59.0,0.0232
60.0,0.0,60.0,0.0463
61.0,0.0,61.0,0.0463
62.0,0.0,62.0,0.0695
63.0,0.0,63.0,0.0695
64.0,0.0,64.0,0.0927
65.0,0.0,65.0,0.0579
66.0,0.0,66.0,0.116
67.0,0.0,67.0,0.0579
68.0,0.0,68.0,0.0811
69.0,0.0,69.0,0.139
70.0,1.04,70.0,0.127
71.0,0.0,71.0,0.116
72.0,0.521,72.0,0.0
73.0,0.0,73.0,0.0
74.0,0.0,74.0,0.0
75.0,0.0,75.0,0.0
76.0,0.0,76.0,0.0
77.0,0.0,77.0,0.0
78.0,0.0,78.0,0.0
79.0,0.0,79.0,0.0
80.0,0.0,80.0,0.0
81.0,0.0,81.0,0.0
82.0,0.0,82.0,0.0
83.0,0.0,83.0,0.0
84.0,0.0,84.0,0.0463
85.0,0.0,85.0,0.0
86.0,0.0,86.0,0.0
87.0,0.0,87.0,0.0
88.0,0.0,88.0,0.0
89.0,0.0,89.0,0.0
90.0,0.0,90.0,0.0
91.0,0.0,91.0,0.0927
92.0,0.0,92.0,0.0811
93.0,1.04,93.0,0.0695
94.0,0.521,94.0,0.0579
95.0,1.04,95.0,0.0463
96.0,0.0,96.0,0.0579
97.0,0.521,97.0,0.0463
98.0,0.521,98.0,0.0348
99.0,0.521,99.0,0.0463
100.0,0.0,100.0,0.185
101.0,1.56,101.0,0.185
102.0,0.521,102.0,0.429
103.0,0.521,103.0,0.139
104.0,0.521,104.0,0.0927
105.0,0.521,105.0,0.127
106.0,0.0,106.0,0.0927
107.0,0.521,107.0,0.0
108.0,0.0,108.0,0.0
109.0,0.0,109.0,0.0
110.0,0.0,110.0,0.0
111.0,0.0,111.0,0.0
112.0,0.0,112.0,0.0116
113.0,0.0,113.0,0.0232
114.0,0.0,114.0,0.0116
115.0,0.0,115.0,0.0
116.0,0.0,116.0,0.0
117.0,0.0,117.0,0.0
118.0,0.0,118.0,0.0
119.0,0.0,119.0,0.0
120.0,0.0,120.0,0.0
121.0,0.0,121.0,0.0
122.0,0.0,122.0,0.0
123.0,0.0,123.0,0.0
124.0,0.0,124.0,0.0
125.0,0.0,125.0,0.0
126.0,0.0,126.0,0.0
127.0,0.0,127.0,0.0116
128.0,0.0,128.0,0.0
129.0,0.0,129.0,0.0
130.0,0.0,130.0,0.0
131.0,0.0,131.0,0.0
132.0,0.0,132.0,0.0
133.0,0.0,133.0,0.0
134.0,0.0,134.0,0.0
135.0,0.0,135.0,0.0
136.0,0.0,136.0,0.0
137.0,0.0,137.0,0.0
138.0,0.0,138.0,0.0
139.0,0.0,139.0,0.0
140.0,0.0,140.0,0.0
141.0,0.0,141.0,1.07
142.0,0.0,142.0,0.0
143.0,0.0,143.0,0.0
144.0,0.0,144.0,0.0
145.0,1.56,145.0,0.0
146.0,0.0,146.0,0.0
147.0,0.0,147.0,0.0
148.0,0.0,148.0,0.0
149.0,0.0,149.0,0.0
150.0,0.0,150.0,0.0
151.0,0.0,151.0,0.0
152.0,0.0,152.0,0.0
153.0,0.0,153.0,0.0
154.0,0.0,154.0,0.0
155.0,0.0,155.0,0.0
156.0,0.0,156.0,0.0232
157.0,0.0,157.0,0.0463
158.0,0.0,158.0,0.0579
159.0,0.0,159.0,0.0927
160.0,0.0,160.0,0.0348
161.0,0.0,161.0,0.0579
162.0,0.0,162.0,0.0463
163.0,0.0,163.0,0.0463
164.0,0.0,164.0,0.0463
165.0,0.0,165.0,0.0695
166.0,0.0,166.0,0.0695
167.0,0.0,167.0,0.139
168.0,0.0,168.0,0.0116
169.0,0.0,169.0,0.0
170.0,0.0,170.0,0.0
171.0,0.0,171.0,0.0
172.0,0.0,172.0,0.0
173.0,0.0,173.0,0.0
174.0,0.521,174.0,0.0
175.0,0.0,175.0,0.0463
176.0,0.0,176.0,0.695
177.0,0.0,177.0,0.0
178.0,0.0,178.0,0.0
179.0,0.521,179.0,0.0579
180.0,0.0,180.0,0.0579
181.0,0.0,181.0,0.0579
182.0,0.0,182.0,0.0463
183.0,0.0,183.0,0.0232
184.0,0.0,184.0,0.0348
185.0,0.0,185.0,0.0463
186.0,0.0,186.0,0.0116
187.0,0.0,187.0,0.0348
188.0,0.0,188.0,0.0116
189.0,0.0,189.0,0.0232
190.0,0.0,190.0,0.0232
191.0,0.0,191.0,0.0348
192.0,0.0,192.0,0.0232
193.0,0.0,193.0,0.0348
194.0,0.521,194.0,0.104
195.0,0.0,195.0,0.0348
196.0,0.0,196.0,0.0463
197.0,0.0,197.0,0.0
198.0,0.0,198.0,0.0
199.0,0.0,199.0,0.0
200.0,0.521,200.0,0.0
201.0,0.0,201.0,0.0
202.0,0.0,202.0,0.0
203.0,0.0,203.0,0.0
204.0,0.0,204.0,0.0
205.0,0.0,205.0,0.0
206.0,0.0,206.0,0.0
207.0,0.0,207.0,0.0
208.0,0.0,208.0,0.0
209.0,0.0,209.0,0.0
210.0,0.0,210.0,0.0463
211.0,0.0,211.0,0.0
212.0,0.0,212.0,0.0
213.0,0.0,213.0,0.0
214.0,0.0,214.0,0.0
215.0,0.0,215.0,0.0348
216.0,0.0,216.0,0.0811
217.0,0.0,217.0,0.0811
218.0,0.0,218.0,0.0579
219.0,0.0,219.0,0.0579
220.0,0.0,220.0,0.0579
221.0,0.0,221.0,0.0579
222.0,0.0,222.0,0.0811
223.0,0.0,223.0,0.0463
224.0,0.0,224.0,0.0116
225.0,0.0,225.0,0.0348
226.0,0.0,226.0,0.0232
227.0,0.0,227.0,0.0232
228.0,0.0,228.0,0.0463
229.0,0.0,229.0,0.0463
230.0,0.0,230.0,0.0348
231.0,0.0,231.0,0.0463
232.0,0.0,232.0,0.0811
233.0,0.521,233.0,0.0695
234.0,0.0,234.0,0.0463
235.0,0.0,235.0,0.0348
236.0,0.0,236.0,0.0463
237.0,0.0,237.0,0.0348
238.0,0.0,238.0,0.0348
239.0,0.521,239.0,0.0232
240.0,0.0,240.0,0.0232
241.0,0.0,241.0,0.0
242.0,0.0,242.0,0.0
243.0,0.0,243.0,0.0
244.0,0.0,244.0,0.0
245.0,0.0,245.0,0.0
246.0,0.0,246.0,0.0
247.0,0.0,247.0,0.0
248.0,0.0,248.0,0.0
249.0,0.0,249.0,0.0
250.0,0.0,250.0,0.0
251.0,0.0,251.0,0.0
252.0,0.0,252.0,0.0
253.0,0.0,253.0,0.0
254.0,0.0,254.0,0.0
255.0,0.0,255.0,0.0
256.0,0.0,256.0,0.0
257.0,0.0,257.0,0.0
258.0,0.0,258.0,0.0
259.0,0.0,259.0,0.336
260.0,0.0,260.0,0.0
261.0,0.0,261.0,0.0
262.0,0.0,262.0,0.0116
263.0,0.521,263.0,0.0927
264.0,0.0,264.0,0.0579
265.0,0.0,265.0,0.0695
266.0,0.0,266.0,0.0579
267.0,0.0,267.0,0.0579
268.0,0.0,268.0,0.0579
269.0,0.0,269.0,0.0463
270.0,0.0,270.0,0.0463
271.0,0.0,271.0,0.0348
272.0,0.0,272.0,0.0463
273.0,0.0,273.0,0.0
274.0,0.0,274.0,0.0232
275.0,0.521,275.0,0.0232
276.0,0.0,276.0,0.0
277.0,0.0,277.0,0.0232
278.0,0.0,278.0,0.0
279.0,0.0,279.0,0.0
280.0,0.0,280.0,0.0
281.0,0.0,281.0,0.0232
282.0,0.0,282.0,0.0
283.0,0.0,283.0,0.0
284.0,0.0,284.0,0.0
285.0,0.0,285.0,0.0
286.0,0.0,286.0,0.0116
287.0,0.0,287.0,0.0116
288.0,0.0,288.0,0.0
289.0,0.0,289.0,0.0
290.0,0.0,290.0,0.0
291.0,0.0,291.0,0.0
292.0,0.0,292.0,0.0
293.0,0.0,293.0,0.0
294.0,0.0,294.0,0.0
295.0,0.0,295.0,0.0
296.0,0.0,296.0,0.0
297.0,0.0,297.0,0.0
298.0,0.0,298.0,0.0
299.0,0.0,299.0,0.0
300.0,0.0,300.0,0.0
301.0,0.0,301.0,0.0
302.0,0.0,302.0,0.0
303.0,0.0,303.0,0.0116
304.0,0.0,304.0,0.0
305.0,0.0,305.0,0.0232
306.0,0.0,306.0,0.0811
307.0,0.0,307.0,0.0463
308.0,0.0,308.0,0.0348
309.0,0.0,309.0,0.0463
310.0,0.0,310.0,0.0463
311.0,0.0,311.0,0.0463
312.0,0.0,312.0,0.0579
313.0,0.0,313.0,0.0579
314.0,0.0,314.0,0.0695
315.0,0.0,315.0,0.0811
316.0,0.0,316.0,0.0348
317.0,0.0,317.0,0.0232
318.0,0.0,318.0,0.0232
319.0,0.0,319.0,0.0116
320.0,0.0,320.0,0.0
321.0,0.0,321.0,0.0
322.0,0.0,322.0,0.0
323.0,0.0,323.0,0.0
324.0,0.0,324.0,0.0
325.0,0.0,325.0,0.0
326.0,0.0,326.0,0.0
327.0,0.0,327.0,0.0
328.0,0.0,328.0,0.0
329.0,0.0,329.0,0.0
330.0,0.0,330.0,0.0
331.0,0.521,331.0,0.0
332.0,0.521,332.0,0.0
333.0,0.0,333.0,0.0
334.0,0.0,334.0,0.0116
335.0,0.0,335.0,0.0348
336.0,0.0,336.0,0.0
337.0,0.0,337.0,0.0116
338.0,0.0,338.0,0.0695
339.0,0.0,339.0,0.0695
340.0,0.0,340.0,0.0579
341.0,0.0,341.0,0.0579
342.0,0.0,342.0,0.0463
343.0,0.0,343.0,0.0579
344.0,0.0,344.0,0.0463
345.0,0.0,345.0,0.0463
346.0,0.0,346.0,0.0463
347.0,0.0,347.0,0.0348
348.0,0.0,348.0,0.0463
349.0,0.0,349.0,0.0695
350.0,0.0,350.0,0.0811
351.0,0.0,351.0,0.0579
352.0,0.521,352.0,0.0463
353.0,0.0,353.0,0.0348
354.0,0.0,354.0,0.0348
355.0,0.0,355.0,0.0232
356.0,0.0,356.0,0.0
357.0,0.521,357.0,0.0
358.0,0.0,358.0,0.0
359.0,0.0,359.0,0.0
360.0,0.0,360.0,0.0
361.0,0.0,361.0,0.0
362.0,0.0,362.0,0.0
363.0,0.0,363.0,0.0
364.0,0.0,364.0,0.0
365.0,0.0,365.0,0.0
366.0,0.0,366.0,0.0
367.0,0.0,367.0,0.0
368.0,0.0,368.0,0.0232
369.0,0.0,369.0,0.0
370.0,0.0,370.0,0.0232
371.0,0.0,371.0,0.0
372.0,0.0,372.0,0.0
373.0,0.0,373.0,0.0
374.0,0.0,374.0,0.0
375.0,0.0,375.0,0.0463
376.0,0.0,376.0,0.104
377.0,0.0,377.0,0.0927
378.0,0.0,378.0,0.0695
379.0,0.0,379.0,0.0811
380.0,0.0,380.0,0.0348
381.0,0.0,381.0,0.0579
382.0,0.0,382.0,0.0579
383.0,0.0,383.0,0.104
384.0,0.0,384.0,0.0811
385.0,0.0,385.0,0.0695
386.0,0.0,386.0,0.0695
387.0,0.0,387.0,0.0695
388.0,0.0,388.0,0.0579
389.0,0.0,389.0,0.0579
390.0,0.0,390.0,0.0695
391.0,0.0,391.0,0.0811
392.0,0.0,392.0,0.0927
393.0,0.0,393.0,0.0579
394.0,0.0,394.0,0.0116
395.0,0.521,395.0,0.0
396.0,0.521,396.0,0.0
397.0,0.0,397.0,0.0
398.0,0.0,398.0,0.0
399.0,0.0,399.0,0.0
400.0,0.0,400.0,0.0
401.0,0.0,401.0,0.0
402.0,0.0,402.0,0.0
403.0,0.0,403.0,0.0
404.0,0.0,404.0,0.0463
405.0,0.0,405.0,0.0
406.0,0.0,406.0,0.0
407.0,0.0,407.0,0.0
408.0,0.0,408.0,0.0
409.0,0.0,409.0,0.0
410.0,0.0,410.0,0.0
411.0,0.0,411.0,0.0
412.0,0.0,412.0,0.0
413.0,0.0,413.0,0.0695
414.0,0.0,414.0,0.0927
415.0,0.0,415.0,0.0811
416.0,0.0,416.0,0.104
417.0,0.0,417.0,0.139
418.0,0.0,418.0,0.22
419.0,0.0,419.0,0.0579
420.0,0.0,420.0,0.0
421.0,0.0,421.0,0.0
422.0,0.521,422.0,0.0
423.0,0.0,423.0,0.0
424.0,0.521,424.0,0.0
425.0,0.0,425.0,0.0
426.0,0.0,426.0,0.0
427.0,0.0,427.0,0.0
428.0,0.0,428.0,0.0
429.0,0.0,429.0,0.0348
430.0,0.0,430.0,0.0116
431.0,0.0,431.0,0.0
432.0,0.0,432.0,0.0
433.0,0.0,433.0,0.0
434.0,0.0,434.0,0.0
435.0,0.0,435.0,0.0
436.0,0.0,436.0,0.0
437.0,0.0,437.0,0.0
438.0,0.0,438.0,0.0
439.0,0.0,439.0,0.0
440.0,0.0,440.0,0.0
441.0,0.0,441.0,0.0
442.0,0.0,442.0,0.0
443.0,0.0,443.0,0.0
444.0,0.0,444.0,0.0
445.0,0.0,445.0,0.0
446.0,0.0,446.0,0.0463
447.0,0.0,447.0,0.0116
448.0,0.0,448.0,0.0
449.0,0.0,449.0,0.0
450.0,0.0,450.0,0.0
451.0,0.0,451.0,0.0
452.0,0.0,452.0,0.0
453.0,0.0,453.0,0.0
454.0,0.0,454.0,0.0
455.0,0.0,455.0,0.0
456.0,0.0,456.0,0.0
457.0,0.0,457.0,0.0
458.0,0.0,458.0,0.0
459.0,0.0,459.0,0.0
460.0,0.0,460.0,0.95
461.0,0.0,461.0,0.0232
462.0,0.0,462.0,0.0
463.0,0.0,463.0,0.0
464.0,0.0,464.0,0.0
465.0,0.0,465.0,0.0
466.0,0.0,466.0,0.0
467.0,0.0,467.0,0.0
468.0,0.0,468.0,0.0
469.0,0.0,469.0,0.0
470.0,0.0,470.0,0.0
471.0,0.0,471.0,0.0
472.0,0.0,472.0,0.0
473.0,0.0,473.0,0.0
474.0,1.04,474.0,0.0
475.0,0.0,475.0,0.0116
476.0,0.0,476.0,0.0695
477.0,0.0,477.0,0.116
478.0,0.0,478.0,0.116
479.0,0.0,479.0,0.0579
480.0,0.0,480.0,0.0463
481.0,0.0,481.0,0.0348
482.0,0.0,482.0,0.0348
483.0,0.0,483.0,0.0463
484.0,0.0,484.0,0.0579
485.0,0.0,485.0,0.0463
486.0,0.0,486.0,0.0348
487.0,0.0,487.0,0.0348
488.0,0.0,488.0,0.0463
489.0,0.0,489.0,0.0232
490.0,0.0,490.0,0.0116
491.0,0.0,491.0,0.0463
492.0,0.0,492.0,0.0579
493.0,0.0,493.0,0.0463
494.0,0.0,494.0,0.0116
495.0,0.0,495.0,0.0
496.0,0.0,496.0,0.0
497.0,0.0,497.0,0.0
498.0,0.0,498.0,0.0
499.0,0.0,499.0,0.0
500.0,0.521,500.0,0.0
501.0,0.0,501.0,0.0
502.0,0.0,502.0,0.0
503.0,0.0,503.0,0.0
504.0,0.0,504.0,0.0
505.0,0.0,505.0,0.0
506.0,0.0,506.0,0.0
507.0,0.0,507.0,0.0
508.0,0.0,508.0,0.0
509.0,0.0,509.0,0.0
510.0,0.521,510.0,0.0
511.0,0.0,511.0,0.209
512.0,0.0,512.0,0.0
513.0,0.0,513.0,0.0
514.0,0.0,514.0,0.0
515.0,0.0,515.0,0.0
516.0,0.0,516.0,0.0
517.0,0.0,517.0,0.0
518.0,0.0,518.0,0.0
519.0,0.0,519.0,0.0
520.0,0.0,520.0,0.0
521.0,0.0,521.0,0.0
522.0,0.0,522.0,0.44
523.0,0.0,523.0,0.0695
524.0,0.0,524.0,0.116
525.0,0.0,525.0,0.0927
526.0,0.0,526.0,0.0927
527.0,0.0,527.0,0.0579
528.0,0.0,528.0,0.0348
529.0,0.0,529.0,0.0348
530.0,0.0,530.0,0.0463
531.0,0.521,531.0,0.0579
532.0,0.0,532.0,0.0927
533.0,0.0,533.0,0.0927
534.0,0.0,534.0,0.0811
535.0,0.0,535.0,0.0695
536.0,0.0,536.0,0.0811
537.0,0.0,537.0,0.0927
538.0,0.0,538.0,0.104
539.0,0.0,539.0,0.0
540.0,0.0,540.0,0.0
541.0,0.0,541.0,0.0
542.0,0.0,542.0,0.0
543.0,0.0,543.0,0.0
544.0,0.0,544.0,0.0
545.0,0.521,545.0,0.0
546.0,0.0,546.0,0.0
547.0,0.0,547.0,0.0
548.0,0.0,548.0,0.0
549.0,0.0,549.0,0.0
550.0,0.0,550.0,0.0
551.0,0.521,551.0,0.0
552.0,0.0,552.0,0.0
553.0,0.0,553.0,0.0
554.0,0.0,554.0,0.0
555.0,0.0,555.0,0.0
556.0,0.0,556.0,0.0
557.0,0.0,557.0,0.0
558.0,0.0,558.0,0.0348
559.0,0.0,559.0,0.0116
560.0,0.0,560.0,0.0
561.0,0.0,561.0,0.0
562.0,0.0,562.0,0.0
563.0,0.0,563.0,0.0
564.0,0.0,564.0,0.0
565.0,0.0,565.0,0.0
566.0,0.0,566.0,0.0
567.0,0.0,567.0,0.0
568.0,0.0,568.0,0.0
569.0,0.0,569.0,0.0
570.0,0.0,570.0,0.0
571.0,0.0,571.0,0.0
572.0,0.0,572.0,0.0232
573.0,0.0,573.0,0.0579
574.0,0.0,574.0,0.0579
575.0,0.0,575.0,0.0579
576.0,0.0,576.0,0.0579
577.0,0.0,577.0,0.0695
578.0,0.0,578.0,0.0579
579.0,0.0,579.0,0.0927
580.0,0.0,580.0,0.151
581.0,0.0,581.0,0.174
582.0,0.0,582.0,0.0927
583.0,0.0,583.0,0.0
584.0,0.0,584.0,0.0
585.0,0.0,585.0,0.0
586.0,0.0,586.0,0.0
587.0,0.0,587.0,0.0
588.0,0.0,588.0,0.0
589.0,0.521,589.0,0.0
590.0,0.0,590.0,0.0
591.0,0.0,591.0,0.0
592.0,0.0,592.0,0.0
593.0,0.521,593.0,0.0
594.0,0.0,594.0,0.0
595.0,0.0,595.0,0.0
596.0,0.0,596.0,0.0
597.0,0.0,597.0,0.0
598.0,0.0,598.0,0.0
599.0,0.0,599.0,0.0
600.0,0.0,600.0,0.0
601.0,0.0,601.0,0.0
602.0,0.0,602.0,0.313
603.0,0.0,603.0,0.0348
604.0,0.0,604.0,0.0
605.0,0.0,605.0,0.0
606.0,0.0,606.0,0.0
607.0,0.0,607.0,0.0
608.0,0.521,608.0,0.0
609.0,0.0,609.0,0.0
610.0,0.0,610.0,0.0
611.0,0.0,611.0,0.0
612.0,0.0,612.0,0.0
613.0,0.0,613.0,0.0
614.0,0.0,614.0,0.0
615.0,0.0,615.0,0.0
616.0,0.0,616.0,0.0
617.0,0.0,617.0,0.0
618.0,0.0,618.0,0.0
619.0,0.0,619.0,0.0
620.0,0.0,620.0,0.0
621.0,0.0,621.0,0.0
622.0,0.0,622.0,0.0
623.0,0.0,623.0,0.0
624.0,0.0,624.0,0.0
625.0,0.0,625.0,0.0
626.0,0.0,626.0,0.0
627.0,0.0,627.0,0.0
628.0,0.0,628.0,0.0
629.0,0.0,629.0,0.0
630.0,0.0,630.0,0.0
631.0,0.0,631.0,0.0
632.0,0.0,632.0,0.0
633.0,0.0,633.0,0.0
634.0,0.0,634.0,0.0
635.0,0.0,635.0,0.0
636.0,0.0,636.0,0.0
637.0,0.0,637.0,0.0
638.0,0.0,638.0,0.0
639.0,0.0,639.0,0.0
640.0,0.0,640.0,0.0
641.0,0.0,641.0,0.0
642.0,0.0,642.0,0.0
643.0,0.0,643.0,0.0
644.0,0.0,644.0,0.0
645.0,0.0,645.0,0.0
646.0,0.0,646.0,0.0463
647.0,0.0,647.0,0.0
648.0,0.0,648.0,0.0
649.0,0.0,649.0,0.0
650.0,0.0,650.0,0.0
651.0,0.0,651.0,0.0
652.0,0.0,652.0,0.0
653.0,0.0,653.0,0.0
654.0,0.0,654.0,0.0
655.0,0.0,655.0,0.0
656.0,0.0,656.0,0.0
657.0,0.0,657.0,0.0
658.0,0.0,658.0,0.0
659.0,0.0,659.0,0.0
660.0,0.0,660.0,0.0
661.0,0.0,661.0,0.0
662.0,0.0,662.0,0.0
663.0,0.0,663.0,0.0
664.0,0.0,664.0,0.0
665.0,0.0,665.0,0.0
666.0,0.0,666.0,1.59
667.0,0.0,667.0,0.22
668.0,0.0,668.0,0.139
669.0,0.0,669.0,0.0811
670.0,0.0,670.0,0.104
671.0,0.0,671.0,0.139
672.0,0.0,672.0,0.127
673.0,0.0,673.0,0.0695
674.0,0.0,674.0,0.0463
675.0,0.0,675.0,0.0579
676.0,0.0,676.0,0.0579
677.0,0.0,677.0,0.0579
678.0,0.521,678.0,0.0695
679.0,0.521,679.0,0.0579
680.0,0.521,680.0,0.0
681.0,0.521,681.0,0.0
682.0,0.0,682.0,0.0
683.0,0.0,683.0,0.0
684.0,0.0,684.0,0.0
685.0,0.521,685.0,0.0
686.0,0.0,686.0,0.0
687.0,0.0,687.0,0.0
688.0,0.0,688.0,0.0
689.0,0.0,689.0,0.0
690.0,0.0,690.0,0.0
691.0,0.0,691.0,0.0
692.0,0.0,692.0,0.0348
693.0,0.0,693.0,0.0116
694.0,0.0,694.0,0.0
695.0,0.0,695.0,0.0
696.0,0.0,696.0,0.0
697.0,0.0,697.0,0.0
698.0,0.0,698.0,0.0
699.0,0.0,699.0,0.0
700.0,0.0,700.0,0.0
701.0,0.0,701.0,0.0
702.0,0.0,702.0,0.0
703.0,0.0,703.0,0.0
704.0,0.0,704.0,0.0348
705.0,0.0,705.0,0.0348
706.0,0.0,706.0,0.0579
707.0,0.0,707.0,0.0695
708.0,0.0,708.0,0.0579
709.0,0.0,709.0,0.0811
710.0,0.0,710.0,0.0579
711.0,0.0,711.0,0.127
712.0,0.0,712.0,0.22
713.0,0.0,713.0,0.151
714.0,0.0,714.0,0.209
715.0,0.0,715.0,0.0579
716.0,0.0,716.0,0.0463
717.0,0.0,717.0,0.0579
718.0,0.0,718.0,0.0463
719.0,0.0,719.0,0.0579
720.0,0.0,720.0,0.0463
721.0,0.0,721.0,0.0463
722.0,0.0,722.0,0.0463
723.0,0.0,723.0,0.0116
724.0,0.521,724.0,0.0
725.0,0.521,725.0,0.0
726.0,0.0,726.0,0.0
727.0,0.0,727.0,0.0
728.0,0.0,728.0,0.0
729.0,0.0,729.0,0.0
730.0,0.0,730.0,0.0
731.0,0.0,731.0,0.0
732.0,0.0,732.0,0.0
733.0,0.0,733.0,0.0
734.0,0.0,734.0,0.0
735.0,0.521,735.0,0.0
736.0,0.0,736.0,0.0
737.0,0.0,737.0,0.0
738.0,0.0,738.0,0.0
739.0,0.0,739.0,0.0232
740.0,0.0,740.0,0.0
741.0,0.0,741.0,0.0
742.0,0.0,742.0,0.0
743.0,0.0,743.0,0.0
744.0,0.0,744.0,0.0463
745.0,0.0,745.0,0.0811
746.0,0.0,746.0,0.0811
747.0,0.0,747.0,0.0579
748.0,0.0,748.0,0.0579
749.0,0.0,749.0,0.0579
750.0,0.0,750.0,0.0579
751.0,0.0,751.0,0.0348
752.0,0.0,752.0,0.0348
753.0,0.0,753.0,0.0348
754.0,0.0,754.0,0.0348
755.0,0.0,755.0,0.0348
756.0,0.0,756.0,0.0348
757.0,0.0,757.0,0.0463
758.0,0.0,758.0,0.0348
759.0,0.0,759.0,0.0348
760.0,0.521,760.0,0.0348
761.0,0.0,761.0,0.0116
762.0,0.0,762.0,0.0
763.0,0.0,763.0,0.0
764.0,0.0,764.0,0.0
765.0,0.521,765.0,0.0
766.0,0.0,766.0,0.0
767.0,0.0,767.0,0.0463
768.0,0.0,768.0,0.0
769.0,0.0,769.0,0.0348
770.0,0.0,770.0,0.0232
771.0,0.0,771.0,0.0116
772.0,0.0,772.0,0.0232
773.0,0.0,773.0,0.0232
774.0,0.0,774.0,0.0348
775.0,0.0,775.0,0.0232
776.0,0.0,776.0,0.0348
777.0,0.0,777.0,0.0348
778.0,0.0,778.0,0.0348
779.0,0.0,779.0,0.0579
780.0,0.0,780.0,0.0348
781.0,0.0,781.0,0.0116
782.0,0.0,782.0,0.0116
783.0,0.0,783.0,0.0
784.0,0.0,784.0,0.0
785.0,0.0,785.0,0.0
786.0,0.0,786.0,0.0
787.0,0.0,787.0,0.0
788.0,0.0,788.0,0.0
789.0,0.0,789.0,0.0
790.0,0.0,790.0,0.0
791.0,0.0,791.0,0.0
792.0,0.0,792.0,0.0
793.0,0.0,793.0,0.0
794.0,0.0,794.0,0.0
795.0,0.0,795.0,0.0
796.0,0.0,796.0,0.0
797.0,0.0,797.0,0.0
798.0,0.0,798.0,0.0
799.0,0.0,799.0,0.0
800.0,0.521,800.0,0.0
801.0,0.0,801.0,0.0
802.0,0.0,802.0,0.0232
803.0,0.0,803.0,0.0
804.0,0.0,804.0,0.0116
805.0,0.0,805.0,0.0
806.0,0.0,806.0,0.0116
807.0,0.0,807.0,0.0
808.0,0.0,808.0,0.0
809.0,0.0,809.0,0.0
810.0,0.0,810.0,0.0
811.0,0.0,811.0,0.0
812.0,0.0,812.0,0.0
813.0,0.0,813.0,0.0
814.0,0.0,814.0,0.0
815.0,0.0,815.0,0.0
816.0,0.0,816.0,0.0
817.0,0.0,817.0,0.0
818.0,0.0,818.0,0.0
819.0,0.0,819.0,0.0
820.0,0.0,820.0,0.0
821.0,0.0,821.0,0.0
822.0,0.0,822.0,0.0232
823.0,0.0,823.0,0.0348
824.0,0.0,824.0,0.0232
825.0,0.0,825.0,0.0348
826.0,0.0,826.0,0.0116
827.0,0.0,827.0,0.0463
828.0,0.0,828.0,0.0348
829.0,0.0,829.0,0.0463
830.0,0.0,830.0,0.0348
831.0,0.0,831.0,0.0811
832.0,0.0,832.0,0.0463
833.0,0.0,833.0,0.0348
834.0,0.0,834.0,0.0463
835.0,0.0,835.0,0.0348
836.0,0.0,836.0,0.0695
837.0,0.0,837.0,0.0463
838.0,0.0,838.0,0.151
839.0,0.0,839.0,0.0348
840.0,0.0,840.0,0.0
841.0,0.0,841.0,0.0
842.0,0.0,842.0,0.0
843.0,0.0,843.0,0.0
844.0,0.0,844.0,0.0
845.0,0.0,845.0,0.0
846.0,0.0,846.0,0.0
847.0,0.521,847.0,0.0
848.0,0.0,848.0,0.0
849.0,0.0,849.0,0.0
850.0,0.0,850.0,0.0
851.0,0.0,851.0,0.0
852.0,0.0,852.0,0.0232
853.0,0.0,853.0,0.0
854.0,0.0,854.0,0.0
855.0,0.0,855.0,0.0
856.0,0.0,856.0,0.0
857.0,0.0,857.0,0.0
858.0,0.0,858.0,0.0
859.0,0.0,859.0,0.0
860.0,0.0,860.0,0.0
861.0,0.0,861.0,0.0
862.0,0.0,862.0,0.0
863.0,0.0,863.0,0.0
864.0,0.0,864.0,0.0348
865.0,0.0,865.0,0.0927
866.0,0.0,866.0,0.0463
867.0,0.0,867.0,0.0348
868.0,0.0,868.0,0.0463
869.0,0.0,869.0,0.0927
870.0,0.0,870.0,0.0579
871.0,0.0,871.0,0.0695
872.0,0.0,872.0,0.0463
873.0,0.0,873.0,0.0
874.0,0.0,874.0,0.0
875.0,0.0,875.0,0.0
876.0,0.521,876.0,0.0
877.0,0.0,877.0,0.0
878.0,0.0,878.0,0.0
879.0,0.0,879.0,0.0
880.0,0.0,880.0,0.0
881.0,0.0,881.0,0.0
882.0,0.0,882.0,0.0
883.0,0.0,883.0,0.0116
884.0,0.0,884.0,0.0116
885.0,0.0,885.0,0.0232
886.0,0.0,886.0,0.0
887.0,0.0,887.0,0.0
888.0,0.0,888.0,0.0
889.0,0.0,889.0,0.0
890.0,0.0,890.0,0.0
891.0,0.0,891.0,0.0
892.0,0.0,892.0,0.0
893.0,0.0,893.0,0.0
894.0,0.0,894.0,0.0
895.0,0.0,895.0,0.0
896.0,0.0,896.0,0.0
897.0,0.0,897.0,0.0
898.0,0.0,898.0,0.0
899.0,0.0,899.0,0.0
900.0,0.0,900.0,0.0
901.0,0.0,901.0,0.0
902.0,0.0,902.0,0.0
903.0,0.0,903.0,0.0
904.0,0.0,904.0,0.0
905.0,0.0,905.0,0.0
906.0,0.0,906.0,0.0116
907.0,0.0,907.0,0.0463
908.0,0.0,908.0,0.0811
909.0,0.0,909.0,0.116
910.0,0.0,910.0,0.116
911.0,0.0,911.0,0.0695
912.0,0.0,912.0,0.0579
913.0,0.0,913.0,0.0348
914.0,0.0,914.0,0.0463
915.0,0.0,915.0,0.0232
916.0,0.0,916.0,0.0463
917.0,0.0,917.0,0.0232
918.0,0.521,918.0,0.0
919.0,0.521,919.0,0.0
920.0,0.0,920.0,0.0
921.0,0.0,921.0,0.0116
922.0,0.0,922.0,0.0116
923.0,0.0,923.0,0.0232
924.0,0.0,924.0,0.0
925.0,0.0,925.0,0.0
926.0,0.0,926.0,0.0
927.0,0.0,927.0,0.0
928.0,0.0,928.0,0.0463
929.0,0.0,929.0,0.0348
930.0,0.0,930.0,0.0232
931.0,0.0,931.0,0.0116
932.0,0.0,932.0,0.0116
933.0,0.0,933.0,0.0232
934.0,0.0,934.0,0.0116
935.0,0.0,935.0,0.0116
936.0,0.0,936.0,0.0116
937.0,0.0,937.0,0.0116
938.0,0.0,938.0,0.0232
939.0,0.0,939.0,0.0232
940.0,0.0,940.0,0.0232
941.0,0.0,941.0,0.0348
942.0,0.0,942.0,0.0232
943.0,0.0,943.0,0.0348
944.0,0.0,944.0,0.0927
945.0,0.0,945.0,0.0463
946.0,0.0,946.0,0.0
947.0,0.521,947.0,0.0463
948.0,0.0,948.0,0.0116
949.0,0.0,949.0,0.0348
950.0,0.0,950.0,0.0116
951.0,0.0,951.0,0.0116
952.0,0.0,952.0,0.0232
953.0,0.0,953.0,0.0232
954.0,0.0,954.0,0.0348
955.0,0.0,955.0,0.0232
956.0,0.0,956.0,0.0348
957.0,0.0,957.0,0.0232
958.0,0.0,958.0,0.0348
959.0,0.0,959.0,0.0232
960.0,0.0,960.0,0.0348
961.0,0.0,961.0,0.0116
962.0,0.521,962.0,0.0232
963.0,0.0,963.0,0.0116
964.0,0.0,964.0,0.0232
965.0,0.0,965.0,0.0116
966.0,0.0,966.0,0.0232
967.0,0.0,967.0,0.0116
968.0,0.0,968.0,0.0232
969.0,0.0,969.0,0.0116
970.0,0.0,970.0,0.0348
971.0,0.0,971.0,0.0116
972.0,0.0,972.0,0.0116
973.0,0.0,973.0,0.0116
974.0,0.0,974.0,0.0
975.0,0.0,975.0,0.0116
976.0,0.0,976.0,0.0348
977.0,0.0,977.0,0.0
978.0,0.0,978.0,0.0
979.0,0.0,979.0,0.0
980.0,0.0,980.0,0.0
981.0,0.0,981.0,0.0
982.0,0.0,982.0,0.0
983.0,0.0,983.0,0.0
984.0,0.0,984.0,0.0
985.0,0.0,985.0,0.0232
986.0,0.0,986.0,0.0232
987.0,0.0,987.0,0.0
988.0,0.0,988.0,0.0
989.0,0.0,989.0,0.0348
990.0,0.0,990.0,0.0348
991.0,0.0,991.0,0.0463
992.0,0.0,992.0,0.0348
993.0,0.0,993.0,0.0116
994.0,0.0,994.0,0.0348
995.0,0.0,995.0,0.0232
996.0,0.0,996.0,0.0348
997.0,0.0,997.0,0.0232
998.0,0.0,998.0,0.0232
999.0,0.0,999.0,0.0232
1000.0,0.0,1000.0,0.0348
1001.0,0.0,1001.0,0.0116
1002.0,0.0,1002.0,0.0116
1003.0,0.0,1003.0,0.0232
1004.0,0.0,1004.0,0.0348
1005.0,0.0,1005.0,0.0116
1006.0,0.0,1006.0,0.0348
1007.0,0.0,1007.0,0.0116
1008.0,0.521,1008.0,0.0116
1009.0,0.0,1009.0,0.0
1010.0,0.0,1010.0,0.0116
1011.0,0.0,1011.0,0.0116
1012.0,0.0,1012.0,0.0116
1013.0,0.0,1013.0,0.0116
1014.0,0.0,1014.0,0.0116
1015.0,0.0,1015.0,0.0232
1016.0,0.0,1016.0,0.0
1017.0,0.0,1017.0,0.0
1018.0,0.0,1018.0,0.0
1019.0,0.0,1019.0,0.0
1020.0,0.0,1020.0,0.0
1021.0,0.0,1021.0,0.0
1022.0,0.0,1022.0,0.0116
1023.0,0.0,1023.0,0.0116
1024.0,0.0,1024.0,0.0
1025.0,0.0,1025.0,0.0
1026.0,0.0,1026.0,0.0116
1027.0,0.0,1027.0,0.0
1028.0,0.0,1028.0,0.0116
1029.0,0.0,1029.0,0.0
1030.0,0.0,1030.0,0.0
1031.0,0.0,1031.0,0.0
1032.0,0.0,1032.0,0.0
1033.0,0.0,1033.0,0.0
1034.0,0.0,1034.0,0.0
1035.0,0.0,1035.0,0.0
1036.0,0.0,1036.0,0.0
1037.0,0.0,1037.0,0.0
1038.0,0.0,1038.0,0.0
1039.0,0.0,1039.0,0.0232
1040.0,0.0,1040.0,0.0116
1041.0,0.0,1041.0,0.0116
1042.0,0.0,1042.0,0.0116
1043.0,0.0,1043.0,0.0116
1044.0,0.0,1044.0,0.0232
1045.0,0.0,1045.0,0.0232
1046.0,0.0,1046.0,0.0232
1047.0,0.0,1047.0,0.0463
1048.0,0.0,1048.0,0.0463
1049.0,0.0,1049.0,0.0579
1050.0,0.0,1050.0,0.0463
1051.0,0.0,1051.0,0.0348
1052.0,0.0,1052.0,0.0232
1053.0,0.0,1053.0,0.0348
1054.0,0.0,1054.0,0.0116
1055.0,0.0,1055.0,0.0232
1056.0,0.0,1056.0,0.0
1057.0,0.521,1057.0,0.0
1058.0,0.0,1058.0,0.0
1059.0,0.0,1059.0,0.0
1060.0,0.0,1060.0,0.0
1061.0,0.0,1061.0,0.0
1062.0,0.0,1062.0,0.0
1063.0,0.0,1063.0,0.0348
1064.0,0.0,1064.0,0.0116
1065.0,0.0,1065.0,0.0
1066.0,0.0,1066.0,0.0
1067.0,0.0,1067.0,0.0
1068.0,0.0,1068.0,0.0
1069.0,0.0,1069.0,0.0
1070.0,0.0,1070.0,0.0
1071.0,0.0,1071.0,0.0
1072.0,0.0,1072.0,0.0348
1073.0,0.0,1073.0,0.0232
1074.0,0.0,1074.0,0.0116
1075.0,0.0,1075.0,0.0116
1076.0,0.0,1076.0,0.0232
1077.0,0.0,1077.0,0.0116
1078.0,0.0,1078.0,0.0116
1079.0,0.0,1079.0,0.0232
1080.0,0.0,1080.0,0.0348
1081.0,0.0,1081.0,0.0116
1082.0,0.0,1082.0,0.0348
1083.0,0.0,1083.0,0.0463
1084.0,0.0,1084.0,0.0811
1085.0,0.0,1085.0,0.104
1086.0,0.0,1086.0,0.0
1087.0,0.0,1087.0,0.0
1088.0,0.0,1088.0,0.0
1089.0,0.0,1089.0,0.0
1090.0,0.0,1090.0,0.0
1091.0,0.0,1091.0,0.0
1092.0,0.0,1092.0,0.0
1093.0,0.0,1093.0,0.0
1094.0,0.0,1094.0,0.0
1095.0,0.0,1095.0,0.0
1096.0,0.0,1096.0,0.0
1097.0,0.0,1097.0,0.0
1098.0,0.0,1098.0,0.0
1099.0,0.0,1099.0,0.0
1100.0,0.521,1100.0,0.0
1101.0,0.0,1101.0,0.0
1102.0,0.0,1102.0,0.0
1103.0,0.0,1103.0,0.0
1104.0,0.0,1104.0,0.0116
1105.0,0.0,1105.0,0.0116
1106.0,0.0,1106.0,0.0116
1107.0,0.0,1107.0,0.0116
1108.0,0.0,1108.0,0.0
1109.0,0.0,1109.0,0.0
1110.0,0.0,1110.0,0.0
1111.0,0.0,1111.0,0.0
1112.0,0.0,1112.0,0.0
1113.0,0.0,1113.0,0.0
1114.0,0.0,1114.0,0.0
1115.0,0.0,1115.0,0.0
1116.0,0.0,1116.0,0.0
1117.0,0.0,1117.0,0.0
1118.0,0.0,1118.0,0.0
1119.0,0.0,1119.0,0.0
1120.0,0.0,1120.0,0.0
1121.0,0.0,1121.0,0.0
1122.0,0.0,1122.0,0.0
1123.0,0.0,1123.0,0.0
1124.0,0.0,1124.0,0.0
1125.0,0.0,1125.0,0.0232
1126.0,0.0,1126.0,0.0116
1127.0,0.0,1127.0,0.0116
1128.0,0.0,1128.0,0.0116
1129.0,0.0,1129.0,0.0116
1130.0,0.0,1130.0,0.0
1131.0,0.0,1131.0,0.0348
1132.0,0.0,1132.0,0.0463
1133.0,0.0,1133.0,0.151
1134.0,0.0,1134.0,0.243
1135.0,0.0,1135.0,0.0579
1136.0,0.0,1136.0,0.0232
1137.0,0.0,1137.0,0.0348
1138.0,0.0,1138.0,0.0
1139.0,0.0,1139.0,0.0
1140.0,0.0,1140.0,0.0
1141.0,0.0,1141.0,0.0
1142.0,0.0,1142.0,0.0
1143.0,0.0,1143.0,0.0
1144.0,0.0,1144.0,0.0
1145.0,0.0,1145.0,0.0
1146.0,0.0,1146.0,0.0
1147.0,0.521,1147.0,0.0
1148.0,0.0,1148.0,0.0
1149.0,0.0,1149.0,0.0
1150.0,0.0,1150.0,0.0
1151.0,0.521,1151.0,0.0
1152.0,0.0,1152.0,0.0
1153.0,0.0,1153.0,0.0
1154.0,0.0,1154.0,0.0
1155.0,0.0,1155.0,0.0
1156.0,0.0,1156.0,0.0
1157.0,0.0,1157.0,0.0
1158.0,0.0,1158.0,0.0116
1159.0,0.0,1159.0,0.0232
1160.0,0.0,1160.0,0.0116
1161.0,0.0,1161.0,0.0
1162.0,0.0,1162.0,0.0
1163.0,0.0,1163.0,0.0
1164.0,0.0,1164.0,0.0
1165.0,0.0,1165.0,0.0
1166.0,0.0,1166.0,0.0
1167.0,0.0,1167.0,0.0
1168.0,0.0,1168.0,0.0
1169.0,0.0,1169.0,0.0232
1170.0,0.0,1170.0,0.0348
1171.0,0.0,1171.0,0.0348
1172.0,0.0,1172.0,0.0232
1173.0,0.0,1173.0,0.0116
1174.0,0.0,1174.0,0.0348
1175.0,0.0,1175.0,0.0116
1176.0,0.0,1176.0,0.0232
1177.0,0.0,1177.0,0.0116
1178.0,0.0,1178.0,0.0232
1179.0,0.0,1179.0,0.0348
1180.0,0.0,1180.0,0.0348
1181.0,0.0,1181.0,0.0579
1182.0,0.0,1182.0,0.0348
1183.0,0.0,1183.0,0.0232
1184.0,0.0,1184.0,0.0232
1185.0,0.0,1185.0,0.0232
1186.0,0.0,1186.0,0.0
1187.0,0.0,1187.0,0.0
1188.0,0.0,1188.0,0.0
1189.0,0.521,1189.0,0.0
1190.0,0.0,1190.0,0.0
1191.0,0.0,1191.0,0.0
1192.0,0.0,1192.0,0.0
1193.0,0.0,1193.0,0.0
1194.0,0.0,1194.0,0.0
1195.0,0.0,1195.0,0.0
1196.0,0.0,1196.0,0.0348
1197.0,0.0,1197.0,0.0116
1198.0,0.0,1198.0,0.0
1199.0,0.0,1199.0,0.0
1200.0,0.0,1200.0,0.0
1201.0,0.0,1201.0,0.0
1202.0,0.0,1202.0,0.0
1203.0,0.0,1203.0,0.0
1204.0,0.0,1204.0,0.0
1205.0,0.0,1205.0,0.0
1206.0,0.0,1206.0,0.0
1207.0,0.0,1207.0,0.0
1208.0,0.0,1208.0,0.0232
1209.0,0.0,1209.0,0.0348
1210.0,0.0,1210.0,0.0232
1211.0,0.0,1211.0,0.0348
1212.0,0.0,1212.0,0.116
1213.0,0.0,1213.0,0.0463
1214.0,0.0,1214.0,0.0463
1215.0,0.0,1215.0,0.0463
1216.0,0.0,1216.0,0.0695
1217.0,0.0,1217.0,0.0116
1218.0,0.0,1218.0,0.0232
1219.0,0.0,1219.0,0.0116
1220.0,0.0,1220.0,0.0
1221.0,0.0,1221.0,0.0232
1222.0,0.0,1222.0,0.0116
1223.0,0.0,1223.0,0.0232
1224.0,0.0,1224.0,0.0116
1225.0,0.0,1225.0,0.0116
1226.0,0.0,1226.0,0.0232
1227.0,0.0,1227.0,0.0116
1228.0,0.0,1228.0,0.0
1229.0,0.0,1229.0,0.0116
1230.0,0.0,1230.0,0.0116
1231.0,0.0,1231.0,0.0116
1232.0,0.0,1232.0,0.0116
1233.0,0.0,1233.0,0.0116
1234.0,0.0,1234.0,0.0
1235.0,0.0,1235.0,0.0
1236.0,0.0,1236.0,0.0
1237.0,0.0,1237.0,0.0
1238.0,0.0,1238.0,0.0
1239.0,0.0,1239.0,0.0
1240.0,0.0,1240.0,0.0
1241.0,0.0,1241.0,0.0
1242.0,0.0,1242.0,0.0
1243.0,0.0,1243.0,0.0
1244.0,0.521,1244.0,0.0
1245.0,0.0,1245.0,0.0
1246.0,0.0,1246.0,0.0
1247.0,0.0,1247.0,0.0
1248.0,0.0,1248.0,0.0
1249.0,0.0,1249.0,0.0
1250.0,0.0,1250.0,0.0
1251.0,0.0,1251.0,0.0
1252.0,0.0,1252.0,0.0
1253.0,0.0,1253.0,0.0
1254.0,0.0,1254.0,0.0
1255.0,0.0,1255.0,0.0
1256.0,0.0,1256.0,0.0232
1257.0,0.0,1257.0,0.0232
1258.0,0.0,1258.0,0.0
1259.0,0.0,1259.0,0.0
1260.0,0.0,1260.0,0.0
1261.0,0.0,1261.0,0.0348
1262.0,0.0,1262.0,0.0232
1263.0,0.0,1263.0,0.0348
1264.0,0.0,1264.0,0.0116
1265.0,0.0,1265.0,0.0232
1266.0,0.0,1266.0,0.0232
1267.0,0.0,1267.0,0.0116
1268.0,0.0,1268.0,0.0232
1269.0,0.0,1269.0,0.0
1270.0,0.0,1270.0,0.0116
1271.0,0.0,1271.0,0.0116
1272.0,0.0,1272.0,0.0116
1273.0,0.0,1273.0,0.0116
1274.0,0.0,1274.0,0.0348
1275.0,0.0,1275.0,0.0116
1276.0,0.0,1276.0,0.0348
1277.0,0.0,1277.0,0.0116
1278.0,0.0,1278.0,0.0348
1279.0,0.0,1279.0,0.0579
1280.0,0.0,1280.0,0.0811
1281.0,0.0,1281.0,0.0232
1282.0,0.0,1282.0,0.0116
1283.0,0.0,1283.0,0.0116
1284.0,0.0,1284.0,0.0
1285.0,0.0,1285.0,0.0
1286.0,0.0,1286.0,0.0
1287.0,0.521,1287.0,0.0
1288.0,0.0,1288.0,0.0
1289.0,0.0,1289.0,0.0
1290.0,0.0,1290.0,0.0116
1291.0,0.0,1291.0,0.0232
1292.0,0.0,1292.0,0.0116
1293.0,0.0,1293.0,0.0
1294.0,0.0,1294.0,0.0
1295.0,0.0,1295.0,0.0
1296.0,0.0,1296.0,0.0
1297.0,0.0,1297.0,0.0
1298.0,0.0,1298.0,0.0116
1299.0,0.0,1299.0,0.0232
1300.0,0.0,1300.0,0.0232
1301.0,0.0,1301.0,0.0232
1302.0,0.0,1302.0,0.0116
1303.0,0.0,1303.0,0.0116
1304.0,0.0,1304.0,0.0232
1305.0,0.0,1305.0,0.0116
1306.0,0.0,1306.0,0.0116
1307.0,0.0,1307.0,0.0116
1308.0,0.0,1308.0,0.0116
1309.0,0.0,1309.0,0.0232
1310.0,0.0,1310.0,0.0232
1311.0,0.0,1311.0,0.0116
1312.0,0.0,1312.0,0.0116
1313.0,0.0,1313.0,0.0
1314.0,0.0,1314.0,0.0
1315.0,0.0,1315.0,0.0
1316.0,0.0,1316.0,0.0
1317.0,0.0,1317.0,0.0
1318.0,0.0,1318.0,0.0
1319.0,0.0,1319.0,0.0
1320.0,0.0,1320.0,0.0
1321.0,0.0,1321.0,0.0
1322.0,0.0,1322.0,0.0
1323.0,0.521,1323.0,0.0
1324.0,0.0,1324.0,0.0
1325.0,0.0,1325.0,0.0
1326.0,0.0,1326.0,0.0811
1327.0,0.0,1327.0,0.0
1328.0,0.0,1328.0,0.0
1329.0,0.0,1329.0,0.0463
1330.0,0.0,1330.0,0.0232
1331.0,0.0,1331.0,0.0232
1332.0,0.0,1332.0,0.0232
1333.0,0.0,1333.0,0.0348
1334.0,0.0,1334.0,0.0232
1335.0,0.0,1335.0,0.0116
1336.0,0.0,1336.0,0.0232
1337.0,0.0,1337.0,0.0116
1338.0,0.0,1338.0,0.0116
1339.0,0.0,1339.0,0.0348
1340.0,0.0,1340.0,0.0348
1341.0,0.0,1341.0,0.0348
1342.0,0.0,1342.0,0.0463
1343.0,0.0,1343.0,0.0232
1344.0,0.0,1344.0,0.0348
1345.0,0.0,1345.0,0.0232
1346.0,0.0,1346.0,0.0
1347.0,0.0,1347.0,0.0
1348.0,0.0,1348.0,0.0
1349.0,0.0,1349.0,0.0
1350.0,0.0,1350.0,0.0
1351.0,0.0,1351.0,0.0
1352.0,0.0,1352.0,0.0
1353.0,0.0,1353.0,0.0
1354.0,0.0,1354.0,0.0
1355.0,0.0,1355.0,0.0
1356.0,0.0,1356.0,0.0
1357.0,0.0,1357.0,0.0
1358.0,0.0,1358.0,0.0
1359.0,0.0,1359.0,0.0
1360.0,0.0,1360.0,0.0
1361.0,0.0,1361.0,0.0
1362.0,0.0,1362.0,0.0
1363.0,0.521,1363.0,0.0348
1364.0,0.0,1364.0,0.0116
1365.0,0.0,1365.0,0.0
1366.0,0.0,1366.0,0.0
1367.0,0.0,1367.0,0.0
1368.0,0.0,1368.0,0.0
1369.0,0.0,1369.0,0.0
1370.0,0.0,1370.0,0.0
1371.0,0.0,1371.0,0.0
1372.0,0.0,1372.0,0.0
1373.0,0.0,1373.0,0.0232
1374.0,0.0,1374.0,0.0116
1375.0,0.0,1375.0,0.0232
1376.0,0.0,1376.0,0.0116
1377.0,0.0,1377.0,0.0579
1378.0,0.0,1378.0,0.0232
1379.0,0.0,1379.0,0.0116
1380.0,0.0,1380.0,0.0116
1381.0,0.0,1381.0,0.0232
1382.0,0.0,1382.0,0.0232
1383.0,0.0,1383.0,0.0116
1384.0,0.0,1384.0,0.0232
1385.0,0.0,1385.0,0.0232
1386.0,0.0,1386.0,0.0116
1387.0,0.0,1387.0,0.0232
1388.0,0.0,1388.0,0.0116
1389.0,0.0,1389.0,0.0116
1390.0,0.0,1390.0,0.0116
1391.0,0.0,1391.0,0.0
1392.0,0.0,1392.0,0.0
1393.0,0.0,1393.0,0.0
1394.0,0.0,1394.0,0.0
1395.0,0.0,1395.0,0.0
1396.0,0.0,1396.0,0.0
1397.0,0.0,1397.0,0.0
1398.0,0.0,1398.0,0.0
1399.0,0.0,1399.0,0.0
1400.0,0.0,1400.0,0.0
1401.0,0.0,1401.0,0.0
1402.0,0.0,1402.0,0.0
1403.0,0.0,1403.0,0.0
1404.0,0.0,1404.0,0.0
1405.0,0.0,1405.0,0.0
1406.0,0.0,1406.0,0.0
1407.0,0.0,1407.0,0.0463
1408.0,0.0,1408.0,0.116
1409.0,0.0,1409.0,0.0
1410.0,0.0,1410.0,0.0
1411.0,0.0,1411.0,0.0
1412.0,0.0,1412.0,0.0232
1413.0,0.521,1413.0,0.0116
1414.0,0.0,1414.0,0.0348
1415.0,0.0,1415.0,0.0348
1416.0,0.0,1416.0,0.0348
1417.0,0.0,1417.0,0.0232
1418.0,0.0,1418.0,0.0116
1419.0,0.0,1419.0,0.0232
1420.0,0.0,1420.0,0.0232
1421.0,0.0,1421.0,0.0232
1422.0,0.0,1422.0,0.0116
1423.0,0.0,1423.0,0.0116
1424.0,0.0,1424.0,0.0116
1425.0,0.0,1425.0,0.0116
1426.0,0.0,1426.0,0.0232
1427.0,0.0,1427.0,0.0116
1428.0,0.0,1428.0,0.0116
1429.0,0.0,1429.0,0.0116
1430.0,0.0,1430.0,0.0116
1431.0,0.0,1431.0,0.0232
1432.0,0.0,1432.0,0.0116
1433.0,0.0,1433.0,0.0232
1434.0,0.0,1434.0,0.0
1435.0,0.0,1435.0,0.0232
1436.0,0.0,1436.0,0.0232
1437.0,0.0,1437.0,0.0
1438.0,0.0,1438.0,0.0
1439.0,0.0,1439.0,0.0
1440.0,0.0,1440.0,0.0
1441.0,0.0,1441.0,0.0
1442.0,0.0,1442.0,0.0
1443.0,0.521,1443.0,0.0
1444.0,0.0,1444.0,0.0
1445.0,0.0,1445.0,0.0
1446.0,0.0,1446.0,0.0
1447.0,0.0,1447.0,0.0
1448.0,0.0,1448.0,0.0
1449.0,0.0,1449.0,0.0
1450.0,0.0,1450.0,0.0
1451.0,0.0,1451.0,0.0
1452.0,0.0,1452.0,0.0
1453.0,0.0,1453.0,0.0
1454.0,0.0,1454.0,0.0116
1455.0,0.0,1455.0,0.0
1456.0,0.0,1456.0,0.0348
1457.0,0.0,1457.0,0.0
1458.0,0.0,1458.0,0.0
1459.0,0.0,1459.0,0.0
1460.0,0.0,1460.0,0.0
1461.0,0.0,1461.0,0.0116
1462.0,0.0,1462.0,0.0463
1463.0,0.0,1463.0,0.0116
1464.0,0.0,1464.0,0.0116
1465.0,0.0,1465.0,0.0116
1466.0,0.0,1466.0,0.0232
1467.0,0.0,1467.0,0.0232
1468.0,0.0,1468.0,0.0116
1469.0,0.0,1469.0,0.0
1470.0,0.0,1470.0,0.0116
1471.0,0.0,1471.0,0.0116
1472.0,0.0,1472.0,0.0232
1473.0,0.0,1473.0,0.0116
1474.0,0.0,1474.0,0.0116
1475.0,0.0,1475.0,0.0116
1476.0,0.0,1476.0,0.0116
1477.0,0.0,1477.0,0.0
1478.0,0.0,1478.0,0.0348
1479.0,0.0,1479.0,0.0232
1480.0,0.0,1480.0,0.0116
1481.0,0.0,1481.0,0.0232
1482.0,0.0,1482.0,0.0116
1483.0,0.0,1483.0,0.0116
1484.0,0.0,1484.0,0.0348
1485.0,0.0,1485.0,0.0116
1486.0,0.0,1486.0,0.0348
1487.0,0.0,1487.0,0.0232
1488.0,0.0,1488.0,0.0348
1489.0,0.0,1489.0,0.0116
1490.0,0.0,1490.0,0.0232
1491.0,0.0,1491.0,0.0
1492.0,0.0,1492.0,0.0
1493.0,0.0,1493.0,0.0
1494.0,0.0,1494.0,0.0
1495.0,0.0,1495.0,0.0
1496.0,0.521,1496.0,0.0
1497.0,0.0,1497.0,0.0
1498.0,0.0,1498.0,0.0
1499.0,0.0,1499.0,0.0
1500.0,0.0,1500.0,0.0
1501.0,0.0,1501.0,0.0
1502.0,0.0,1502.0,0.0
1503.0,0.0,1503.0,0.0
1504.0,0.0,1504.0,0.0
1505.0,0.0,1505.0,0.0
1506.0,0.0,1506.0,0.0
1507.0,0.0,1507.0,0.0348
1508.0,0.0,1508.0,0.0116
1509.0,0.0,1509.0,0.0
1510.0,0.0,1510.0,0.0
1511.0,0.0,1511.0,0.0
1512.0,0.0,1512.0,0.0
1513.0,0.0,1513.0,0.0
1514.0,0.0,1514.0,0.0
1515.0,0.0,1515.0,0.0348
1516.0,0.0,1516.0,0.0348
1517.0,0.0,1517.0,0.0348
1518.0,0.0,1518.0,0.0116
1519.0,0.0,1519.0,0.0348
1520.0,0.0,1520.0,0.0232
1521.0,0.0,1521.0,0.0463
1522.0,0.0,1522.0,0.0348
1523.0,0.0,1523.0,0.0232
1524.0,0.0,1524.0,0.0348
1525.0,0.0,1525.0,0.0232
1526.0,0.0,1526.0,0.0348
1527.0,0.0,1527.0,0.0348
1528.0,0.0,1528.0,0.0348
1529.0,0.0,1529.0,0.0695
1530.0,0.0,1530.0,0.0348
1531.0,0.0,1531.0,0.0348
1532.0,0.0,1532.0,0.0232
1533.0,0.0,1533.0,0.0348
1534.0,0.0,1534.0,0.0232
1535.0,0.0,1535.0,0.0463
1536.0,0.0,1536.0,0.0232
1537.0,0.0,1537.0,0.0348
1538.0,0.0,1538.0,0.0116
1539.0,0.0,1539.0,0.0
1540.0,0.0,1540.0,0.0
1541.0,0.0,1541.0,0.0
1542.0,0.0,1542.0,0.0
1543.0,0.0,1543.0,0.0
1544.0,0.0,1544.0,0.0
1545.0,0.521,1545.0,0.0
1546.0,0.0,1546.0,0.0
1547.0,0.0,1547.0,0.0
1548.0,0.0,1548.0,0.0
1549.0,0.0,1549.0,0.0
1550.0,0.0,1550.0,0.0
1551.0,0.0,1551.0,0.0
1552.0,0.0,1552.0,0.0
1553.0,0.0,1553.0,0.0
1554.0,0.0,1554.0,0.0
1555.0,0.0,1555.0,0.0
1556.0,0.0,1556.0,0.0
1557.0,0.0,1557.0,0.0
1558.0,0.0,1558.0,0.0
1559.0,0.0,1559.0,0.0
1560.0,0.0,1560.0,0.0232
1561.0,0.0,1561.0,0.0116
1562.0,0.0,1562.0,0.0116
1563.0,0.0,1563.0,0.0
1564.0,0.0,1564.0,0.0
1565.0,0.0,1565.0,0.0
1566.0,0.0,1566.0,0.0
1567.0,0.0,1567.0,0.0
1568.0,0.0,1568.0,0.0
1569.0,0.0,1569.0,0.0116
1570.0,0.0,1570.0,0.0232
1571.0,0.0,1571.0,0.0232
1572.0,0.0,1572.0,0.0
1573.0,0.0,1573.0,0.0116
1574.0,0.0,1574.0,0.0116
1575.0,0.0,1575.0,0.0
1576.0,0.0,1576.0,0.0116
1577.0,0.0,1577.0,0.0116
1578.0,0.0,1578.0,0.0116
1579.0,0.0,1579.0,0.0463
1580.0,0.0,1580.0,0.0579
1581.0,0.0,1581.0,0.0463
1582.0,0.521,1582.0,0.0348
1583.0,0.0,1583.0,0.0
1584.0,0.0,1584.0,0.0
1585.0,0.0,1585.0,0.0
1586.0,0.0,1586.0,0.0
1587.0,0.0,1587.0,0.0
1588.0,0.0,1588.0,0.0
1589.0,0.0,1589.0,0.0
1590.0,0.0,1590.0,0.0
1591.0,0.0,1591.0,0.0116
1592.0,0.0,1592.0,0.0116
1593.0,0.0,1593.0,0.0
1594.0,0.0,1594.0,0.0
1595.0,0.0,1595.0,0.0
1596.0,0.0,1596.0,0.0
1597.0,0.0,1597.0,0.0
1598.0,0.0,1598.0,0.0811
1599.0,0.0,1599.0,0.0348
1600.0,0.0,1600.0,0.0463
1601.0,0.0,1601.0,0.0348
1602.0,0.0,1602.0,0.0116
1603.0,0.0,1603.0,0.0232
1604.0,0.0,1604.0,0.0116
1605.0,0.0,1605.0,0.0232
1606.0,0.0,1606.0,0.0116
1607.0,0.0,1607.0,0.0232
1608.0,0.0,1608.0,0.0232
1609.0,0.0,1609.0,0.0232
1610.0,0.0,1610.0,0.0116
1611.0,0.0,1611.0,0.0463
1612.0,0.0,1612.0,0.0348
1613.0,0.0,1613.0,0.0232
1614.0,0.0,1614.0,0.0116
1615.0,0.0,1615.0,0.0116
1616.0,0.0,1616.0,0.0
1617.0,0.0,1617.0,0.0
1618.0,0.0,1618.0,0.0
1619.0,0.0,1619.0,0.0
1620.0,0.0,1620.0,0.0
1621.0,0.521,1621.0,0.0
1622.0,0.0,1622.0,0.0
1623.0,0.0,1623.0,0.0
1624.0,0.0,1624.0,0.0
1625.0,0.0,1625.0,0.0
1626.0,0.0,1626.0,0.0
1627.0,0.0,1627.0,0.0
1628.0,0.0,1628.0,0.0
1629.0,0.0,1629.0,0.0
1630.0,0.0,1630.0,0.0
1631.0,0.0,1631.0,0.0
1632.0,0.0,1632.0,0.0116
1633.0,0.0,1633.0,0.0116
1634.0,0.0,1634.0,0.0116
1635.0,0.0,1635.0,0.0116
1636.0,0.0,1636.0,0.0
1637.0,0.0,1637.0,0.0
1638.0,0.0,1638.0,0.0
1639.0,0.0,1639.0,0.0
1640.0,0.0,1640.0,0.0116
1641.0,0.0,1641.0,0.139
1642.0,0.0,1642.0,0.139
1643.0,0.0,1643.0,0.0463
1644.0,0.0,1644.0,0.0463
1645.0,0.0,1645.0,0.0463
1646.0,0.0,1646.0,0.0348
1647.0,0.0,1647.0,0.0
1648.0,0.0,1648.0,0.0
1649.0,0.0,1649.0,0.0
1650.0,0.521,1650.0,0.0
1651.0,0.0,1651.0,0.0
1652.0,0.0,1652.0,0.0
1653.0,0.0,1653.0,0.0
1654.0,0.0,1654.0,0.0232
1655.0,0.0,1655.0,0.0232
1656.0,0.0,1656.0,0.0
1657.0,0.0,1657.0,0.0
1658.0,0.0,1658.0,0.0
1659.0,0.0,1659.0,0.0
1660.0,0.0,1660.0,0.0
1661.0,0.0,1661.0,0.0
1662.0,0.0,1662.0,0.0
1663.0,0.0,1663.0,0.0
1664.0,0.0,1664.0,0.0
1665.0,0.0,1665.0,0.0232
1666.0,0.0,1666.0,0.0116
1667.0,0.0,1667.0,0.0232
1668.0,0.0,1668.0,0.0232
1669.0,0.0,1669.0,0.0232
1670.0,0.0,1670.0,0.0348
1671.0,0.0,1671.0,0.0348
1672.0,0.0,1672.0,0.0232
1673.0,0.0,1673.0,0.0116
1674.0,0.0,1674.0,0.0232
1675.0,0.0,1675.0,0.0232
1676.0,0.0,1676.0,0.0463
1677.0,0.0,1677.0,0.0232
1678.0,0.0,1678.0,0.0579
1679.0,0.0,1679.0,0.0463
1680.0,0.0,1680.0,0.0579
1681.0,0.0,1681.0,0.0348
1682.0,0.521,1682.0,0.0348
1683.0,0.0,1683.0,0.0232
1684.0,0.0,1684.0,0.0116
1685.0,0.0,1685.0,0.0
1686.0,0.0,1686.0,0.0
1687.0,0.0,1687.0,0.0
1688.0,0.0,1688.0,0.0116
1689.0,0.0,1689.0,0.0
1690.0,0.0,1690.0,0.0116
1691.0,0.0,1691.0,0.0116
1692.0,0.0,1692.0,0.0116
1693.0,0.0,1693.0,0.0
1694.0,0.0,1694.0,0.0
1695.0,0.0,1695.0,0.0
1696.0,0.0,1696.0,0.0
1697.0,0.0,1697.0,0.0
1698.0,0.0,1698.0,0.0232
1699.0,0.0,1699.0,0.0348
1700.0,0.0,1700.0,0.0348
1701.0,0.0,1701.0,0.0232
1702.0,0.0,1702.0,0.0232
1703.0,0.0,1703.0,0.0348
1704.0,0.0,1704.0,0.0116
1705.0,0.0,1705.0,0.0232
1706.0,0.0,1706.0,0.0348
1707.0,0.0,1707.0,0.0116
1708.0,0.0,1708.0,0.0348
1709.0,0.0,1709.0,0.0232
1710.0,0.521,1710.0,0.0348
1711.0,0.0,1711.0,0.0232
1712.0,0.0,1712.0,0.0348
1713.0,0.0,1713.0,0.0348
1714.0,0.0,1714.0,0.0463
1715.0,0.0,1715.0,0.0116
1716.0,0.0,1716.0,0.0
1717.0,0.0,1717.0,0.0
1718.0,0.0,1718.0,0.0
1719.0,0.0,1719.0,0.0
1720.0,0.0,1720.0,0.0
1721.0,0.0,1721.0,0.0
1722.0,0.0,1722.0,0.0116
1723.0,0.0,1723.0,0.0
1724.0,0.0,1724.0,0.0232
1725.0,0.0,1725.0,0.0
1726.0,0.0,1726.0,0.0116
1727.0,0.0,1727.0,0.0
1728.0,0.0,1728.0,0.0
1729.0,0.0,1729.0,0.0
1730.0,0.0,1730.0,0.0348
1731.0,0.0,1731.0,0.0463
1732.0,0.0,1732.0,0.0463
1733.0,0.0,1733.0,0.0463
1734.0,0.0,1734.0,0.0232
1735.0,0.0,1735.0,0.0348
1736.0,0.521,1736.0,0.0463
1737.0,0.0,1737.0,0.0463
1738.0,0.0,1738.0,0.0348
1739.0,0.0,1739.0,0.0348
1740.0,0.0,1740.0,0.0116
1741.0,0.0,1741.0,0.0348
1742.0,0.0,1742.0,0.0232
1743.0,0.0,1743.0,0.0348
1744.0,0.0,1744.0,0.0116
1745.0,0.0,1745.0,0.0463
1746.0,0.0,1746.0,0.0348
1747.0,0.0,1747.0,0.0116
1748.0,0.0,1748.0,0.0
1749.0,0.0,1749.0,0.0
1750.0,0.0,1750.0,0.0
1751.0,0.0,1751.0,0.0
1752.0,0.0,1752.0,0.0
1753.0,0.0,1753.0,0.0
1754.0,0.0,1754.0,0.0348
1755.0,0.0,1755.0,0.0
1756.0,0.0,1756.0,0.0116
1757.0,0.0,1757.0,0.0
1758.0,0.0,1758.0,0.0
1759.0,0.0,1759.0,0.0
1760.0,0.0,1760.0,0.0
1761.0,0.0,1761.0,0.0
1762.0,0.0,1762.0,0.0
1763.0,0.0,1763.0,0.0
1764.0,0.0,1764.0,0.0
1765.0,0.0,1765.0,0.0232
1766.0,0.0,1766.0,0.0232
1767.0,0.0,1767.0,0.0232
1768.0,0.0,1768.0,0.0232
1769.0,0.0,1769.0,0.0232
1770.0,0.0,1770.0,0.0232
1771.0,0.0,1771.0,0.0348
1772.0,0.0,1772.0,0.0348
1773.0,0.0,1773.0,0.0348
1774.0,0.0,1774.0,0.0579
1775.0,0.0,1775.0,0.0463
1776.0,0.0,1776.0,0.0348
1777.0,0.0,1777.0,0.0348
1778.0,0.0,1778.0,0.0463
1779.0,0.0,1779.0,0.0463
1780.0,0.0,1780.0,0.0463
1781.0,0.0,1781.0,0.0811
1782.0,0.521,1782.0,0.0579
1783.0,0.0,1783.0,0.0695
1784.0,0.0,1784.0,0.0348
1785.0,0.0,1785.0,0.0348
1786.0,0.0,1786.0,0.0348
1787.0,0.0,1787.0,0.0232
1788.0,0.521,1788.0,0.0232
1789.0,0.0,1789.0,0.0116
1790.0,0.0,1790.0,0.0116
1791.0,0.0,1791.0,0.0116
1792.0,0.0,1792.0,0.0
1793.0,0.0,1793.0,0.0232
1794.0,0.0,1794.0,0.0232
1795.0,0.0,1795.0,0.0348
1796.0,0.0,1796.0,0.0232
1797.0,0.0,1797.0,0.0116
1798.0,0.0,1798.0,0.0348
1799.0,0.0,1799.0,0.0232
1800.0,0.0,1800.0,0.0232
1801.0,0.0,1801.0,0.0232
1802.0,0.0,1802.0,0.0348
1803.0,0.0,1803.0,0.0463
1804.0,0.0,1804.0,0.0579
1805.0,0.0,1805.0,0.0579
1806.0,0.0,1806.0,0.0348
1807.0,0.0,1807.0,0.0
1808.0,0.0,1808.0,0.0
1809.0,0.0,1809.0,0.0
1810.0,0.0,1810.0,0.0
1811.0,0.521,1811.0,0.0
1812.0,0.0,1812.0,0.0
1813.0,0.0,1813.0,0.0
1814.0,0.0,1814.0,0.0
1815.0,0.0,1815.0,0.0
1816.0,0.0,1816.0,0.0
1817.0,0.0,1817.0,0.0
1818.0,0.0,1818.0,0.0
1819.0,0.0,1819.0,0.0
1820.0,0.0,1820.0,0.0463
1821.0,0.0,1821.0,0.0
1822.0,0.0,1822.0,0.0
1823.0,0.0,1823.0,0.0
1824.0,0.0,1824.0,0.0
1825.0,0.0,1825.0,0.0
1826.0,0.0,1826.0,0.0
1827.0,0.0,1827.0,0.0
1828.0,0.0,1828.0,0.0116
1829.0,0.0,1829.0,0.0695
1830.0,0.0,1830.0,0.0927
1831.0,0.0,1831.0,0.139
1832.0,0.0,1832.0,0.197
1833.0,0.0,1833.0,0.0695
1834.0,0.0,1834.0,0.0463
1835.0,0.0,1835.0,0.0232
1836.0,0.0,1836.0,0.0348
1837.0,0.0,1837.0,0.0232
1838.0,0.0,1838.0,0.0
1839.0,0.0,1839.0,0.0
1840.0,0.521,1840.0,0.0
1841.0,0.0,1841.0,0.0
1842.0,0.521,1842.0,0.0
1843.0,0.0,1843.0,0.0
1844.0,0.0,1844.0,0.0
1845.0,0.0,1845.0,0.0
1846.0,0.0,1846.0,0.0
1847.0,0.0,1847.0,0.0116
1848.0,0.0,1848.0,0.0116
1849.0,0.0,1849.0,0.0232
1850.0,0.0,1850.0,0.0
1851.0,0.0,1851.0,0.0
1852.0,0.0,1852.0,0.0
1853.0,0.0,1853.0,0.0
1854.0,0.0,1854.0,0.0
1855.0,0.0,1855.0,0.0
1856.0,0.0,1856.0,0.0
1857.0,0.0,1857.0,0.0
1858.0,0.0,1858.0,0.0
1859.0,0.0,1859.0,0.0
1860.0,0.0,1860.0,0.0
1861.0,0.0,1861.0,0.0
1862.0,0.0,1862.0,0.0
1863.0,0.0,1863.0,0.0
1864.0,0.0,1864.0,0.0
1865.0,0.0,1865.0,0.0
1866.0,0.0,1866.0,0.0
1867.0,0.0,1867.0,0.0579
1868.0,0.0,1868.0,0.162
1869.0,0.0,1869.0,0.116
1870.0,0.0,1870.0,0.151
1871.0,0.0,1871.0,0.0
1872.0,0.0,1872.0,0.0
1873.0,0.0,1873.0,0.0
1874.0,0.521,1874.0,0.0
1875.0,0.0,1875.0,0.0
1876.0,0.0,1876.0,0.0
1877.0,0.0,1877.0,0.0
1878.0,0.0,1878.0,0.0348
1879.0,0.0,1879.0,0.0116
1880.0,0.0,1880.0,0.0
1881.0,0.0,1881.0,0.0
1882.0,0.0,1882.0,0.0
1883.0,0.0,1883.0,0.0
1884.0,0.0,1884.0,0.0
1885.0,0.0,1885.0,0.0
1886.0,0.0,1886.0,0.0
1887.0,0.0,1887.0,0.0
1888.0,0.0,1888.0,0.0
1889.0,0.0,1889.0,0.0
1890.0,0.0,1890.0,0.0
1891.0,0.0,1891.0,0.0
1892.0,0.0,1892.0,0.0
1893.0,0.0,1893.0,0.0116
1894.0,0.0,1894.0,0.0232
1895.0,0.0,1895.0,0.0116
1896.0,0.0,1896.0,0.0232
1897.0,0.0,1897.0,0.0463
1898.0,0.0,1898.0,0.0348
1899.0,0.0,1899.0,0.0348
1900.0,0.0,1900.0,0.0232
1901.0,0.0,1901.0,0.0348
1902.0,0.0,1902.0,0.0232
1903.0,0.0,1903.0,0.0348
1904.0,0.0,1904.0,0.0463
1905.0,0.0,1905.0,0.0348
1906.0,0.0,1906.0,0.0232
1907.0,0.0,1907.0,0.0116
1908.0,0.0,1908.0,0.0232
1909.0,0.0,1909.0,0.0
1910.0,0.0,1910.0,0.0
1911.0,0.0,1911.0,0.0
1912.0,0.521,1912.0,0.0
1913.0,0.0,1913.0,0.0
1914.0,0.0,1914.0,0.0
1915.0,0.0,1915.0,0.0
1916.0,0.0,1916.0,0.0
1917.0,0.0,1917.0,0.0
1918.0,0.0,1918.0,0.0
1919.0,0.0,1919.0,0.0
1920.0,0.0,1920.0,0.0
1921.0,0.0,1921.0,0.0
1922.0,0.0,1922.0,0.0
1923.0,0.0,1923.0,0.0463
1924.0,0.0,1924.0,0.0
1925.0,0.0,1925.0,0.0
1926.0,0.0,1926.0,0.0
1927.0,0.0,1927.0,0.0
1928.0,0.0,1928.0,0.0
1929.0,0.0,1929.0,0.0
1930.0,0.0,1930.0,0.0
1931.0,0.0,1931.0,0.0
1932.0,0.0,1932.0,0.0
1933.0,0.0,1933.0,0.0
1934.0,0.0,1934.0,0.0579
1935.0,0.0,1935.0,0.0579
1936.0,0.0,1936.0,0.0811
1937.0,0.0,1937.0,0.0348
1938.0,0.0,1938.0,0.0348
1939.0,0.0,1939.0,0.0232
1940.0,0.0,1940.0,0.0348
1941.0,0.0,1941.0,0.0348
1942.0,0.0,1942.0,0.0463
1943.0,0.0,1943.0,0.0579
1944.0,0.0,1944.0,0.0348
1945.0,0.0,1945.0,0.0
1946.0,0.0,1946.0,0.0
1947.0,0.0,1947.0,0.0
1948.0,0.521,1948.0,0.0
1949.0,0.0,1949.0,0.0
1950.0,0.0,1950.0,0.0
1951.0,0.0,1951.0,0.0463
1952.0,0.0,1952.0,0.0
1953.0,0.0,1953.0,0.0
1954.0,0.0,1954.0,0.0
1955.0,0.0,1955.0,0.0
1956.0,0.0,1956.0,0.0
1957.0,0.0,1957.0,0.0
1958.0,0.0,1958.0,0.0
1959.0,0.0,1959.0,0.0579
1960.0,0.0,1960.0,0.0463
1961.0,0.0,1961.0,0.0348
1962.0,0.0,1962.0,0.0348
1963.0,0.0,1963.0,0.0232
1964.0,0.0,1964.0,0.0348
1965.0,0.0,1965.0,0.0232
1966.0,0.0,1966.0,0.0348
1967.0,0.0,1967.0,0.0232
1968.0,0.0,1968.0,0.0348
1969.0,0.0,1969.0,0.0348
1970.0,0.0,1970.0,0.0348
1971.0,0.0,1971.0,0.0
1972.0,0.0,1972.0,0.0
1973.0,0.0,1973.0,0.0
1974.0,0.0,1974.0,0.0
1975.0,0.521,1975.0,0.0
1976.0,0.0,1976.0,0.0463
1977.0,0.0,1977.0,0.0
1978.0,0.0,1978.0,0.0
1979.0,0.0,1979.0,0.0
1980.0,0.0,1980.0,0.0
1981.0,0.0,1981.0,0.0
1982.0,0.0,1982.0,0.0
1983.0,0.0,1983.0,0.0
1984.0,0.0,1984.0,0.0232
1985.0,0.0,1985.0,0.0348
1986.0,0.0,1986.0,0.0348
1987.0,0.0,1987.0,0.0232
1988.0,0.0,1988.0,0.0232
1989.0,0.0,1989.0,0.0348
1990.0,0.0,1990.0,0.0348
1991.0,0.0,1991.0,0.0348
1992.0,0.0,1992.0,0.0348
1993.0,0.0,1993.0,0.0232
1994.0,0.0,1994.0,0.0579
1995.0,0.0,1995.0,0.0348
1996.0,0.0,1996.0,0.0348
1997.0,0.0,1997.0,0.0
1998.0,0.0,1998.0,0.0
1999.0,0.0,1999.0,0.0
2000.0,0.0,2000.0,0.0
2001.0,0.0,2001.0,0.0
2002.0,0.0,2002.0,0.0
2003.0,0.0,2003.0,0.0
2004.0,0.0,2004.0,0.0
2005.0,0.0,2005.0,0.0
2006.0,0.0,2006.0,0.0
2007.0,0.0,2007.0,0.0
2008.0,0.0,2008.0,0.0348
2009.0,0.0,2009.0,0.0116
2010.0,0.0,2010.0,0.0
2011.0,0.0,2011.0,0.0
2012.0,0.0,2012.0,0.0
2013.0,0.0,2013.0,0.0
2014.0,0.0,2014.0,0.0
2015.0,0.0,2015.0,0.0
2016.0,0.521,2016.0,0.0579
2017.0,0.0,2017.0,0.0811
2018.0,0.0,2018.0,0.0348
2019.0,0.0,2019.0,0.0463
2020.0,0.0,2020.0,0.0348
2021.0,0.0,2021.0,0.0463
2022.0,0.0,2022.0,0.0348
2023.0,0.0,2023.0,0.0232
2024.0,0.0,2024.0,0.0232
2025.0,0.0,2025.0,0.0348
2026.0,0.0,2026.0,0.0116
2027.0,0.0,2027.0,0.0348
2028.0,0.0,2028.0,0.0348
2029.0,0.0,2029.0,0.0232
2030.0,0.0,2030.0,0.0348
2031.0,0.0,2031.0,0.0348
2032.0,0.0,2032.0,0.0348
2033.0,0.0,2033.0,0.0232
2034.0,0.0,2034.0,0.0
2035.0,0.0,2035.0,0.0
2036.0,0.0,2036.0,0.0
2037.0,0.0,2037.0,0.0
2038.0,0.0,2038.0,0.0
2039.0,0.0,2039.0,0.0348
2040.0,0.521,2040.0,0.0116
2041.0,0.0,2041.0,0.0
2042.0,0.0,2042.0,0.0
2043.0,0.0,2043.0,0.0463
2044.0,0.0,2044.0,0.0463
2045.0,0.0,2045.0,0.0232
2046.0,0.0,2046.0,0.0463
2047.0,0.0,2047.0,0.0348
2048.0,0.0,2048.0,0.0232
2049.0,0.0,2049.0,0.0232
2050.0,0.0,2050.0,0.0348
2051.0,0.0,2051.0,0.0348
2052.0,0.0,2052.0,0.0232
2053.0,0.0,2053.0,0.0232
2054.0,0.0,2054.0,0.0463
2055.0,0.0,2055.0,0.0348
2056.0,0.0,2056.0,0.0348
2057.0,0.0,2057.0,0.0116
2058.0,0.0,2058.0,0.0
2059.0,0.0,2059.0,0.0
2060.0,0.0,2060.0,0.0
2061.0,0.0,2061.0,0.0
2062.0,0.0,2062.0,0.0
2063.0,0.0,2063.0,0.0
2064.0,0.0,2064.0,0.0
2065.0,0.521,2065.0,0.0
2066.0,0.0,2066.0,0.0116
2067.0,0.0,2067.0,0.0348
2068.0,0.0,2068.0,0.0
2069.0,0.0,2069.0,0.0
2070.0,0.0,2070.0,0.0
2071.0,0.0,2071.0,0.0579
2072.0,0.0,2072.0,0.0232
2073.0,0.0,2073.0,0.0232
2074.0,0.0,2074.0,0.0232
2075.0,0.0,2075.0,0.0348
2076.0,0.0,2076.0,0.0463
2077.0,0.0,2077.0,0.0348
2078.0,0.0,2078.0,0.0348
2079.0,0.0,2079.0,0.0463
2080.0,0.0,2080.0,0.0348
2081.0,0.0,2081.0,0.0232
2082.0,0.0,2082.0,0.0232
2083.0,0.0,2083.0,0.0348
2084.0,0.0,2084.0,0.0348
2085.0,0.0,2085.0,0.0348
2086.0,0.0,2086.0,0.0348
2087.0,0.0,2087.0,0.0463
2088.0,0.0,2088.0,0.0116
2089.0,0.0,2089.0,0.0
2090.0,0.521,2090.0,0.0
2091.0,0.0,2091.0,0.0
2092.0,0.0,2092.0,0.0
2093.0,0.0,2093.0,0.0
2094.0,0.0,2094.0,0.0
2095.0,0.0,2095.0,0.0
2096.0,0.0,2096.0,0.0116
2097.0,0.0,2097.0,0.0348
2098.0,0.0,2098.0,0.0
2099.0,0.0,2099.0,0.0
2100.0,0.0,2100.0,0.0116
2101.0,0.0,2101.0,0.0463
2102.0,0.0,2102.0,0.0348
2103.0,0.0,2103.0,0.0348
2104.0,0.0,2104.0,0.0116
2105.0,0.0,2105.0,0.0116
2106.0,0.0,2106.0,0.0232
2107.0,0.0,2107.0,0.0463
2108.0,0.0,2108.0,0.0348
2109.0,0.0,2109.0,0.0348
2110.0,0.0,2110.0,0.0348
2111.0,0.0,2111.0,0.0463
2112.0,0.0,2112.0,0.0579
2113.0,0.0,2113.0,0.0116
2114.0,0.0,2114.0,0.0232
2115.0,0.0,2115.0,0.0
2116.0,0.0,2116.0,0.0
2117.0,0.0,2117.0,0.0
2118.0,0.521,2118.0,0.0
2119.0,0.0,2119.0,0.0
2120.0,0.0,2120.0,0.0
2121.0,0.0,2121.0,0.0348
2122.0,0.0,2122.0,0.0116
2123.0,0.0,2123.0,0.0
2124.0,0.0,2124.0,0.0
2125.0,0.0,2125.0,0.0
2126.0,0.0,2126.0,0.0
2127.0,0.0,2127.0,0.0
2128.0,0.0,2128.0,0.0116
2129.0,0.0,2129.0,0.0463
2130.0,0.0,2130.0,0.0463
2131.0,0.0,2131.0,0.0348
2132.0,0.0,2132.0,0.0348
2133.0,0.0,2133.0,0.0232
2134.0,0.0,2134.0,0.0463
2135.0,0.0,2135.0,0.0463
2136.0,0.0,2136.0,0.0463
2137.0,0.0,2137.0,0.0463
2138.0,0.0,2138.0,0.0463
2139.0,0.0,2139.0,0.0348
2140.0,0.0,2140.0,0.0463
2141.0,0.0,2141.0,0.0695
2142.0,0.0,2142.0,0.0463
2143.0,0.0,2143.0,0.0348
2144.0,0.0,2144.0,0.0348
2145.0,0.0,2145.0,0.0463
2146.0,0.0,2146.0,0.0463
2147.0,0.0,2147.0,0.0
2148.0,0.0,2148.0,0.0
2149.0,0.0,2149.0,0.0
2150.0,0.0,2150.0,0.0
2151.0,0.521,2151.0,0.0
2152.0,0.0,2152.0,0.0
2153.0,0.0,2153.0,0.0463
2154.0,0.521,2154.0,0.0
2155.0,0.0,2155.0,0.0
2156.0,0.0,2156.0,0.0348
2157.0,0.0,2157.0,0.0348
2158.0,0.0,2158.0,0.0348
2159.0,0.0,2159.0,0.0232
2160.0,0.0,2160.0,0.0348
2161.0,0.0,2161.0,0.0232
2162.0,0.0,2162.0,0.0348
2163.0,0.0,2163.0,0.0463
2164.0,0.0,2164.0,0.0811
2165.0,0.0,2165.0,0.0463
2166.0,0.0,2166.0,0.0116
2167.0,0.0,2167.0,0.0
2168.0,0.0,2168.0,0.0
2169.0,0.0,2169.0,0.0
2170.0,0.0,2170.0,0.0
2171.0,0.0,2171.0,0.0
2172.0,0.0,2172.0,0.0
2173.0,0.0,2173.0,0.0
2174.0,0.0,2174.0,0.0
2175.0,0.0,2175.0,0.0
2176.0,0.0,2176.0,0.0
2177.0,0.0,2177.0,0.0
2178.0,0.0,2178.0,0.0
2179.0,0.0,2179.0,0.0
2180.0,0.0,2180.0,0.0232
2181.0,0.0,2181.0,0.0232
2182.0,0.521,2182.0,0.0
2183.0,0.0,2183.0,0.0
2184.0,0.0,2184.0,0.0
2185.0,0.0,2185.0,0.0
2186.0,0.0,2186.0,0.0232
2187.0,0.0,2187.0,0.0348
2188.0,0.0,2188.0,0.0232
2189.0,0.0,2189.0,0.0232
2190.0,0.0,2190.0,0.0348
2191.0,0.0,2191.0,0.0232
2192.0,0.0,2192.0,0.0348
2193.0,0.0,2193.0,0.0348
2194.0,0.0,2194.0,0.0579
2195.0,0.0,2195.0,0.0232
2196.0,0.0,2196.0,0.0579
2197.0,0.0,2197.0,0.0348
2198.0,0.0,2198.0,0.0348
2199.0,0.0,2199.0,0.0232
2200.0,0.0,2200.0,0.0348
2201.0,0.0,2201.0,0.0579
2202.0,0.0,2202.0,0.0811
2203.0,0.0,2203.0,0.0
2204.0,0.0,2204.0,0.0
2205.0,0.0,2205.0,0.0
2206.0,0.0,2206.0,0.0
2207.0,0.0,2207.0,0.0
2208.0,0.0,2208.0,0.0
2209.0,0.0,2209.0,0.0
2210.0,0.521,2210.0,0.0232
2211.0,0.0,2211.0,0.0232
2212.0,0.0,2212.0,0.0
2213.0,0.0,2213.0,0.0
2214.0,0.0,2214.0,0.0
2215.0,0.0,2215.0,0.0
2216.0,0.0,2216.0,0.0
2217.0,0.0,2217.0,0.0232
2218.0,0.0,2218.0,0.0463
2219.0,0.0,2219.0,0.0232
2220.0,0.0,2220.0,0.0348
2221.0,0.0,2221.0,0.0348
2222.0,0.0,2222.0,0.0463
2223.0,0.0,2223.0,0.0463
2224.0,0.0,2224.0,0.0348
2225.0,0.0,2225.0,0.0463
2226.0,0.0,2226.0,0.0463
2227.0,0.0,2227.0,0.0348
2228.0,0.0,2228.0,0.0695
2229.0,0.0,2229.0,0.0463
2230.0,0.0,2230.0,0.0348
2231.0,0.0,2231.0,0.0463
2232.0,0.0,2232.0,0.0232
2233.0,0.0,2233.0,0.0232
2234.0,0.0,2234.0,0.0
2235.0,0.0,2235.0,0.0
2236.0,0.0,2236.0,0.0
2237.0,0.0,2237.0,0.0
2238.0,0.0,2238.0,0.0
2239.0,0.521,2239.0,0.0
2240.0,0.0,2240.0,0.0
2241.0,0.0,2241.0,0.0116
2242.0,0.0,2242.0,0.0348
2243.0,0.0,2243.0,0.0
2244.0,0.0,2244.0,0.0
2245.0,0.0,2245.0,0.0
2246.0,0.0,2246.0,0.0116
2247.0,0.0,2247.0,0.0348
2248.0,0.0,2248.0,0.0463
2249.0,0.0,2249.0,0.0463
2250.0,0.0,2250.0,0.0232
2251.0,0.0,2251.0,0.0348
2252.0,0.0,2252.0,0.0348
2253.0,0.0,2253.0,0.0348
2254.0,0.0,2254.0,0.0232
2255.0,0.0,2255.0,0.0348
2256.0,0.0,2256.0,0.0232
2257.0,0.0,2257.0,0.0116
2258.0,0.0,2258.0,0.0348
2259.0,0.0,2259.0,0.0232
2260.0,0.0,2260.0,0.0116
2261.0,0.0,2261.0,0.0232
2262.0,0.0,2262.0,0.0348
2263.0,0.0,2263.0,0.0348
2264.0,0.521,2264.0,0.0348
2265.0,0.0,2265.0,0.0811
2266.0,0.0,2266.0,0.0
2267.0,0.0,2267.0,0.0
2268.0,0.0,2268.0,0.0
2269.0,0.0,2269.0,0.0
2270.0,0.0,2270.0,0.0
2271.0,0.0,2271.0,0.0348
2272.0,0.0,2272.0,0.0116
2273.0,0.521,2273.0,0.0
2274.0,0.0,2274.0,0.0
2275.0,0.0,2275.0,0.0
2276.0,0.0,2276.0,0.0
2277.0,0.0,2277.0,0.0
2278.0,0.0,2278.0,0.0348
2279.0,0.0,2279.0,0.0232
2280.0,0.0,2280.0,0.0232
2281.0,0.0,2281.0,0.0232
2282.0,0.0,2282.0,0.0232
2283.0,0.0,2283.0,0.0116
2284.0,0.0,2284.0,0.0348
2285.0,0.0,2285.0,0.0463
2286.0,0.0,2286.0,0.0463
2287.0,0.0,2287.0,0.0695
2288.0,0.0,2288.0,0.104
2289.0,0.0,2289.0,0.0
2290.0,0.0,2290.0,0.0
2291.0,0.0,2291.0,0.0
2292.0,0.0,2292.0,0.0
2293.0,0.0,2293.0,0.0
2294.0,0.0,2294.0,0.0
2295.0,0.0,2295.0,0.0
2296.0,0.0,2296.0,0.0
2297.0,0.0,2297.0,0.0
2298.0,0.0,2298.0,0.0348
2299.0,0.0,2299.0,0.0116
2300.0,0.0,2300.0,0.0
2301.0,0.0,2301.0,0.0
2302.0,0.0,2302.0,0.0
2303.0,0.0,2303.0,0.0
2304.0,0.0,2304.0,0.0
2305.0,0.521,2305.0,0.0348
2306.0,0.0,2306.0,0.0348
2307.0,0.0,2307.0,0.0232
2308.0,0.0,2308.0,0.0232
2309.0,0.0,2309.0,0.0116
2310.0,0.0,2310.0,0.0232
2311.0,0.0,2311.0,0.0232
2312.0,0.0,2312.0,0.0348
2313.0,0.0,2313.0,0.0348
2314.0,0.0,2314.0,0.0232
2315.0,0.0,2315.0,0.0463
2316.0,0.0,2316.0,0.0463
2317.0,0.0,2317.0,0.0811
2318.0,0.0,2318.0,0.0579
2319.0,0.0,2319.0,0.0463
2320.0,0.0,2320.0,0.0116
2321.0,0.0,2321.0,0.0
2322.0,0.0,2322.0,0.0
2323.0,0.0,2323.0,0.0
2324.0,0.0,2324.0,0.0
2325.0,0.0,2325.0,0.0
2326.0,0.0,2326.0,0.0
2327.0,0.0,2327.0,0.0
2328.0,0.0,2328.0,0.0
2329.0,0.0,2329.0,0.0348
2330.0,0.521,2330.0,0.0116
2331.0,0.0,2331.0,0.0
2332.0,0.0,2332.0,0.0
2333.0,0.0,2333.0,0.0
2334.0,0.0,2334.0,0.0
2335.0,0.0,2335.0,0.0
2336.0,0.0,2336.0,0.0
2337.0,0.0,2337.0,0.0116
2338.0,0.0,2338.0,0.0232
2339.0,0.0,2339.0,0.0232
2340.0,0.0,2340.0,0.0232
2341.0,0.0,2341.0,0.0232
2342.0,0.0,2342.0,0.0232
2343.0,0.0,2343.0,0.0348
2344.0,0.0,2344.0,0.0579
2345.0,0.0,2345.0,0.0695
2346.0,0.0,2346.0,0.0463
2347.0,0.0,2347.0,0.0232
2348.0,0.0,2348.0,0.0116
2349.0,0.0,2349.0,0.0
2350.0,0.0,2350.0,0.0232
2351.0,0.0,2351.0,0.0116
2352.0,0.0,2352.0,0.0
2353.0,0.0,2353.0,0.0
2354.0,0.0,2354.0,0.0
2355.0,0.0,2355.0,0.0
2356.0,0.0,2356.0,0.0
2357.0,0.0,2357.0,0.0
2358.0,0.0,2358.0,0.0
2359.0,0.0,2359.0,0.0116
2360.0,0.0,2360.0,0.0232
2361.0,0.0,2361.0,0.0116
2362.0,0.0,2362.0,0.0
2363.0,0.0,2363.0,0.0
2364.0,0.0,2364.0,0.0
2365.0,0.0,2365.0,0.0116
2366.0,0.0,2366.0,0.0579
2367.0,0.0,2367.0,0.0348
2368.0,0.0,2368.0,0.0348
2369.0,0.0,2369.0,0.0232
2370.0,0.521,2370.0,0.0348
2371.0,0.0,2371.0,0.0348
2372.0,0.0,2372.0,0.0232
2373.0,0.0,2373.0,0.0463
2374.0,0.0,2374.0,0.0232
2375.0,0.0,2375.0,0.0116
2376.0,0.0,2376.0,0.0232
2377.0,0.0,2377.0,0.0232
2378.0,0.0,2378.0,0.0116
2379.0,0.0,2379.0,0.0232
2380.0,0.0,2380.0,0.0348
2381.0,0.0,2381.0,0.0348
2382.0,0.0,2382.0,0.0116
2383.0,0.0,2383.0,0.0
2384.0,0.0,2384.0,0.0
2385.0,0.0,2385.0,0.0
2386.0,0.0,2386.0,0.0
2387.0,0.0,2387.0,0.0
2388.0,0.0,2388.0,0.0
2389.0,0.0,2389.0,0.0
2390.0,0.0,2390.0,0.0
2391.0,0.0,2391.0,0.0
2392.0,0.0,2392.0,0.0
2393.0,0.0,2393.0,0.0348
2394.0,0.521,2394.0,0.0116
2395.0,0.0,2395.0,0.0
2396.0,0.0,2396.0,0.0
2397.0,0.0,2397.0,0.0
2398.0,0.0,2398.0,0.0
2399.0,0.0,2399.0,0.0
2400.0,0.0,2400.0,0.0
2401.0,0.0,2401.0,0.0
2402.0,0.0,2402.0,0.0348
2403.0,0.0,2403.0,0.0232
2404.0,0.0,2404.0,0.0116
2405.0,0.0,2405.0,0.0232
2406.0,0.0,2406.0,0.0232
2407.0,0.0,2407.0,0.0116
2408.0,0.0,2408.0,0.0232
2409.0,0.0,2409.0,0.0232
2410.0,0.0,2410.0,0.0116
2411.0,0.0,2411.0,0.0463
2412.0,0.0,2412.0,0.0232
2413.0,0.0,2413.0,0.0348
2414.0,0.0,2414.0,0.0463
2415.0,0.0,2415.0,0.0348
2416.0,0.0,2416.0,0.0
2417.0,0.0,2417.0,0.0
2418.0,0.0,2418.0,0.0
2419.0,0.0,2419.0,0.0
2420.0,0.0,2420.0,0.0348
2421.0,0.0,2421.0,0.0
2422.0,0.0,2422.0,0.0
2423.0,0.0,2423.0,0.0116
2424.0,0.0,2424.0,0.0
2425.0,0.0,2425.0,0.0348
2426.0,0.0,2426.0,0.0232
2427.0,0.0,2427.0,0.0232
2428.0,0.0,2428.0,0.0232
2429.0,0.0,2429.0,0.0348
2430.0,0.0,2430.0,0.0232
2431.0,0.0,2431.0,0.0232
2432.0,0.0,2432.0,0.0116
2433.0,0.521,2433.0,0.0232
2434.0,0.0,2434.0,0.0348
2435.0,0.0,2435.0,0.0348
2436.0,0.0,2436.0,0.0463
2437.0,0.0,2437.0,0.0348
2438.0,0.0,2438.0,0.0348
2439.0,0.0,2439.0,0.0
2440.0,0.0,2440.0,0.0
2441.0,0.0,2441.0,0.0
2442.0,0.0,2442.0,0.0
2443.0,0.0,2443.0,0.0232
2444.0,0.0,2444.0,0.0232
2445.0,0.0,2445.0,0.0
2446.0,0.0,2446.0,0.0
2447.0,0.0,2447.0,0.0
2448.0,0.0,2448.0,0.0
2449.0,0.0,2449.0,0.0348
2450.0,0.0,2450.0,0.0348
2451.0,0.0,2451.0,0.0232
2452.0,0.0,2452.0,0.0348
2453.0,0.0,2453.0,0.0348
2454.0,0.0,2454.0,0.0463
2455.0,0.0,2455.0,0.0232
2456.0,0.0,2456.0,0.0348
2457.0,0.0,2457.0,0.0579
2458.0,0.521,2458.0,0.0
2459.0,0.0,2459.0,0.0
2460.0,0.0,2460.0,0.0
2461.0,0.0,2461.0,0.0
2462.0,0.0,2462.0,0.0348
2463.0,0.0,2463.0,0.0116
2464.0,0.0,2464.0,0.0
2465.0,0.0,2465.0,0.0
2466.0,0.0,2466.0,0.0
2467.0,0.0,2467.0,0.0
2468.0,0.0,2468.0,0.0
2469.0,0.0,2469.0,0.0
2470.0,0.0,2470.0,0.0232
2471.0,0.0,2471.0,0.0232
2472.0,0.0,2472.0,0.0232
2473.0,0.0,2473.0,0.0232
2474.0,0.0,2474.0,0.0348
2475.0,0.0,2475.0,0.0348
2476.0,0.0,2476.0,0.0579
2477.0,0.0,2477.0,0.0463
2478.0,0.0,2478.0,0.0463
2479.0,0.0,2479.0,0.0579
2480.0,0.0,2480.0,0.0695
2481.0,0.0,2481.0,0.0579
2482.0,0.0,2482.0,0.0463
2483.0,0.0,2483.0,0.0463
2484.0,0.521,2484.0,0.0463
2485.0,0.0,2485.0,0.0463
2486.0,0.0,2486.0,0.0232
2487.0,0.0,2487.0,0.0116
2488.0,0.0,2488.0,0.0232
2489.0,0.0,2489.0,0.0232
2490.0,0.0,2490.0,0.0463
2491.0,0.0,2491.0,0.0348
2492.0,0.0,2492.0,0.0232
2493.0,0.0,2493.0,0.0232
2494.0,0.0,2494.0,0.0348
2495.0,0.0,2495.0,0.0232
2496.0,0.0,2496.0,0.0232
2497.0,0.0,2497.0,0.0463
2498.0,0.0,2498.0,0.0
2499.0,0.0,2499.0,0.0
2500.0,0.0,2500.0,0.0
2501.0,0.521,2501.0,0.0
2502.0,0.0,2502.0,0.0
2503.0,0.0,2503.0,0.0232
2504.0,0.0,2504.0,0.0232
2505.0,0.0,2505.0,0.0
2506.0,0.0,2506.0,0.0
2507.0,0.0,2507.0,0.0463
2508.0,0.0,2508.0,0.0579
2509.0,0.0,2509.0,0.0463
2510.0,0.0,2510.0,0.0348
2511.0,0.0,2511.0,0.0463
2512.0,0.0,2512.0,0.0463
2513.0,0.0,2513.0,0.0348
2514.0,0.0,2514.0,0.0348
2515.0,0.0,2515.0,0.0232
2516.0,0.0,2516.0,0.0232
2517.0,0.0,2517.0,0.0348
2518.0,0.0,2518.0,0.0348
2519.0,0.0,2519.0,0.0463
2520.0,0.0,2520.0,0.0116
2521.0,0.0,2521.0,0.0232
2522.0,0.0,2522.0,0.0
2523.0,0.0,2523.0,0.0
2524.0,0.0,2524.0,0.0
2525.0,0.0,2525.0,0.0
2526.0,0.0,2526.0,0.0
2527.0,0.0,2527.0,0.0
2528.0,0.521,2528.0,0.0
2529.0,0.0,2529.0,0.0
2530.0,0.0,2530.0,0.0
2531.0,0.0,2531.0,0.0116
2532.0,0.0,2532.0,0.0116
2533.0,0.0,2533.0,0.0232
2534.0,0.0,2534.0,0.0
2535.0,0.0,2535.0,0.0
2536.0,0.0,2536.0,0.0
2537.0,0.0,2537.0,0.0
2538.0,0.0,2538.0,0.0
2539.0,0.0,2539.0,0.0348
2540.0,0.0,2540.0,0.0463
2541.0,0.0,2541.0,0.0463
2542.0,0.0,2542.0,0.0695
2543.0,0.0,2543.0,0.0579
2544.0,0.0,2544.0,0.0463
2545.0,0.0,2545.0,0.0579
2546.0,0.0,2546.0,0.0348
2547.0,0.0,2547.0,0.0232
2548.0,0.0,2548.0,0.0348
2549.0,0.521,2549.0,0.0232
2550.0,0.0,2550.0,0.0348
2551.0,0.0,2551.0,0.0348
2552.0,0.0,2552.0,0.0463
2553.0,0.0,2553.0,0.0348
2554.0,0.0,2554.0,0.0348
2555.0,0.0,2555.0,0.0232
2556.0,0.0,2556.0,0.0116
2557.0,0.0,2557.0,0.0116
2558.0,0.0,2558.0,0.0
2559.0,0.0,2559.0,0.0
2560.0,0.0,2560.0,0.0
2561.0,0.0,2561.0,0.0
2562.0,0.0,2562.0,0.0
2563.0,0.521,2563.0,0.0
2564.0,0.0,2564.0,0.0
2565.0,0.0,2565.0,0.0232
2566.0,0.0,2566.0,0.0232
2567.0,0.0,2567.0,0.0
2568.0,0.0,2568.0,0.0
2569.0,0.0,2569.0,0.0
2570.0,0.0,2570.0,0.0
2571.0,0.0,2571.0,0.0
2572.0,0.0,2572.0,0.0232
2573.0,0.0,2573.0,0.0232
2574.0,0.0,2574.0,0.0232
2575.0,0.0,2575.0,0.0232
2576.0,0.0,2576.0,0.0232
2577.0,0.0,2577.0,0.0232
2578.0,0.0,2578.0,0.0232
2579.0,0.0,2579.0,0.0232
2580.0,0.0,2580.0,0.0116
2581.0,0.0,2581.0,0.0232
2582.0,0.0,2582.0,0.0232
2583.0,0.0,2583.0,0.0116
2584.0,0.0,2584.0,0.0232
2585.0,0.0,2585.0,0.0232
2586.0,0.0,2586.0,0.0348
2587.0,0.0,2587.0,0.0463
2588.0,0.0,2588.0,0.0463
2589.0,0.0,2589.0,0.0695
2590.0,0.0,2590.0,0.0463
2591.0,0.0,2591.0,0.0695
2592.0,0.0,2592.0,0.0463
2593.0,0.0,2593.0,0.0
2594.0,0.0,2594.0,0.0
2595.0,0.0,2595.0,0.0
2596.0,0.0,2596.0,0.0
2597.0,0.521,2597.0,0.0
2598.0,0.0,2598.0,0.0
2599.0,0.0,2599.0,0.0463
2600.0,0.0,2600.0,0.0
2601.0,0.0,2601.0,0.0
2602.0,0.0,2602.0,0.0
2603.0,0.0,2603.0,0.0232
2604.0,0.0,2604.0,0.0348
2605.0,0.0,2605.0,0.0232
2606.0,0.0,2606.0,0.0463
2607.0,0.0,2607.0,0.0232
2608.0,0.0,2608.0,0.0348
2609.0,0.0,2609.0,0.0348
2610.0,0.0,2610.0,0.0695
2611.0,0.0,2611.0,0.0579
2612.0,0.0,2612.0,0.0348
2613.0,0.0,2613.0,0.0232
2614.0,0.0,2614.0,0.0348
2615.0,0.0,2615.0,0.0116
2616.0,0.0,2616.0,0.0
2617.0,0.0,2617.0,0.0
2618.0,0.0,2618.0,0.0
2619.0,0.0,2619.0,0.0
2620.0,0.521,2620.0,0.0
2621.0,0.0,2621.0,0.0
2622.0,0.0,2622.0,0.0116
2623.0,0.0,2623.0,0.0348
2624.0,0.0,2624.0,0.0
2625.0,0.0,2625.0,0.0
2626.0,0.0,2626.0,0.0
2627.0,0.0,2627.0,0.0116
2628.0,0.0,2628.0,0.0695
2629.0,0.0,2629.0,0.0348
2630.0,0.0,2630.0,0.0348
2631.0,0.0,2631.0,0.0348
2632.0,0.0,2632.0,0.0232
2633.0,0.0,2633.0,0.0348
2634.0,0.0,2634.0,0.0232
2635.0,0.0,2635.0,0.0348
2636.0,0.0,2636.0,0.0348
2637.0,0.0,2637.0,0.0348
2638.0,0.0,2638.0,0.0232
2639.0,0.0,2639.0,0.0348
2640.0,0.0,2640.0,0.0463
2641.0,0.0,2641.0,0.0463
2642.0,0.0,2642.0,0.0463
2643.0,0.0,2643.0,0.0927
2644.0,0.0,2644.0,0.0348
2645.0,0.0,2645.0,0.0
2646.0,0.0,2646.0,0.0
2647.0,0.0,2647.0,0.0
2648.0,0.521,2648.0,0.0
2649.0,0.0,2649.0,0.0
2650.0,0.0,2650.0,0.0348
2651.0,0.0,2651.0,0.0116
2652.0,0.0,2652.0,0.0
2653.0,0.0,2653.0,0.0
2654.0,0.0,2654.0,0.0
2655.0,0.0,2655.0,0.0
2656.0,0.0,2656.0,0.0
2657.0,0.0,2657.0,0.0348
2658.0,0.0,2658.0,0.0463
2659.0,0.0,2659.0,0.0463
2660.0,0.0,2660.0,0.0463
2661.0,0.0,2661.0,0.0579
2662.0,0.0,2662.0,0.0579
2663.0,0.0,2663.0,0.0463
2664.0,0.0,2664.0,0.0348
2665.0,0.0,2665.0,0.0579
2666.0,0.0,2666.0,0.0695
2667.0,0.0,2667.0,0.0695
2668.0,0.0,2668.0,0.0463
2669.0,0.0,2669.0,0.0348
2670.0,0.0,2670.0,0.0463
2671.0,0.0,2671.0,0.0348
2672.0,0.0,2672.0,0.0232
2673.0,0.521,2673.0,0.0348
2674.0,0.0,2674.0,0.0232
2675.0,0.0,2675.0,0.0
2676.0,0.0,2676.0,0.0
2677.0,0.0,2677.0,0.0
2678.0,0.0,2678.0,0.0
2679.0,0.0,2679.0,0.0
2680.0,0.521,2680.0,0.0
2681.0,0.0,2681.0,0.0
2682.0,0.0,2682.0,0.0
2683.0,0.0,2683.0,0.0116
2684.0,0.0,2684.0,0.0348
2685.0,0.0,2685.0,0.0
2686.0,0.0,2686.0,0.0
2687.0,0.0,2687.0,0.0
2688.0,0.0,2688.0,0.0348
2689.0,0.0,2689.0,0.0232
2690.0,0.0,2690.0,0.0232
2691.0,0.0,2691.0,0.0348
2692.0,0.0,2692.0,0.0348
2693.0,0.0,2693.0,0.0232
2694.0,0.0,2694.0,0.0348
2695.0,0.0,2695.0,0.0348
2696.0,0.0,2696.0,0.0348
2697.0,0.0,2697.0,0.0348
2698.0,0.0,2698.0,0.0232
2699.0,0.0,2699.0,0.0348
2700.0,0.0,2700.0,0.0348
2701.0,0.0,2701.0,0.0348
2702.0,0.0,2702.0,0.0116
2703.0,0.0,2703.0,0.0
2704.0,0.0,2704.0,0.0
2705.0,0.0,2705.0,0.0
2706.0,0.0,2706.0,0.0
2707.0,0.0,2707.0,0.0
2708.0,0.0,2708.0,0.0
2709.0,0.0,2709.0,0.0
2710.0,0.521,2710.0,0.0116
2711.0,0.0,2711.0,0.0348
2712.0,0.0,2712.0,0.0
2713.0,0.0,2713.0,0.0348
2714.0,0.0,2714.0,0.0232
2715.0,0.0,2715.0,0.0348
2716.0,0.0,2716.0,0.0232
2717.0,0.0,2717.0,0.0348
2718.0,0.0,2718.0,0.0463
2719.0,0.0,2719.0,0.0811
2720.0,0.0,2720.0,0.0695
2721.0,0.0,2721.0,0.0579
2722.0,0.0,2722.0,0.0
2723.0,0.0,2723.0,0.0
2724.0,0.0,2724.0,0.0
2725.0,0.0,2725.0,0.0
2726.0,0.521,2726.0,0.0
2727.0,0.0,2727.0,0.0116
2728.0,0.0,2728.0,0.0116
2729.0,0.0,2729.0,0.0232
2730.0,0.0,2730.0,0.0
2731.0,0.0,2731.0,0.0
2732.0,0.0,2732.0,0.0
2733.0,0.0,2733.0,0.0
2734.0,0.0,2734.0,0.0
2735.0,0.0,2735.0,0.0116
2736.0,0.0,2736.0,0.0348
2737.0,0.0,2737.0,0.0348
2738.0,0.0,2738.0,0.0695
2739.0,0.0,2739.0,0.0579
2740.0,0.0,2740.0,0.0348
2741.0,0.0,2741.0,0.0232
2742.0,0.0,2742.0,0.0348
2743.0,0.0,2743.0,0.0232
2744.0,0.0,2744.0,0.0348
2745.0,0.0,2745.0,0.0232
2746.0,0.0,2746.0,0.0348
2747.0,0.0,2747.0,0.0348
2748.0,0.0,2748.0,0.0348
2749.0,0.0,2749.0,0.0348
2750.0,0.0,2750.0,0.0348
2751.0,0.0,2751.0,0.0116
2752.0,0.0,2752.0,0.0232
2753.0,0.0,2753.0,0.0348
2754.0,0.521,2754.0,0.0232
2755.0,0.0,2755.0,0.0
2756.0,0.0,2756.0,0.0
2757.0,0.0,2757.0,0.0
2758.0,0.0,2758.0,0.0
2759.0,0.0,2759.0,0.0
2760.0,0.0,2760.0,0.0116
2761.0,0.0,2761.0,0.0232
2762.0,0.0,2762.0,0.0116
2763.0,0.0,2763.0,0.0
2764.0,0.0,2764.0,0.0
2765.0,0.0,2765.0,0.0
2766.0,0.0,2766.0,0.0
2767.0,0.0,2767.0,0.0
2768.0,0.0,2768.0,0.0
2769.0,0.0,2769.0,0.0
2770.0,0.0,2770.0,0.0463
2771.0,0.0,2771.0,0.0232
2772.0,0.0,2772.0,0.0348
2773.0,0.0,2773.0,0.0232
2774.0,0.0,2774.0,0.0348
2775.0,0.0,2775.0,0.0232
2776.0,0.0,2776.0,0.0348
2777.0,0.0,2777.0,0.0348
2778.0,0.0,2778.0,0.0232
2779.0,0.0,2779.0,0.0348
2780.0,0.0,2780.0,0.0232
2781.0,0.0,2781.0,0.0232
2782.0,0.0,2782.0,0.0348
2783.0,0.0,2783.0,0.0348
2784.0,0.0,2784.0,0.0348
2785.0,0.0,2785.0,0.0463
2786.0,0.0,2786.0,0.0579
2787.0,0.0,2787.0,0.0579
2788.0,0.0,2788.0,0.0116
2789.0,0.521,2789.0,0.0348
2790.0,0.0,2790.0,0.0348
2791.0,0.0,2791.0,0.0232
2792.0,0.0,2792.0,0.0348
2793.0,0.0,2793.0,0.0463
2794.0,0.0,2794.0,0.0116
2795.0,0.0,2795.0,0.0
2796.0,0.0,2796.0,0.0
2797.0,0.521,2797.0,0.0
2798.0,0.0,2798.0,0.0
2799.0,0.0,2799.0,0.0116
2800.0,0.0,2800.0,0.0348
2801.0,0.0,2801.0,0.0
2802.0,0.0,2802.0,0.0
2803.0,0.0,2803.0,0.0
2804.0,0.0,2804.0,0.0348
2805.0,0.0,2805.0,0.0232
2806.0,0.0,2806.0,0.0348
2807.0,0.0,2807.0,0.0232
2808.0,0.0,2808.0,0.0232
2809.0,0.0,2809.0,0.0348
2810.0,0.0,2810.0,0.0116
2811.0,0.0,2811.0,0.0348
2812.0,0.0,2812.0,0.0116
2813.0,0.0,2813.0,0.0463
2814.0,0.0,2814.0,0.0232
2815.0,0.0,2815.0,0.0348
2816.0,0.0,2816.0,0.0232
2817.0,0.0,2817.0,0.0232
2818.0,0.0,2818.0,0.0232
2819.0,0.0,2819.0,0.0348
2820.0,0.0,2820.0,0.0348
2821.0,0.0,2821.0,0.0
2822.0,0.0,2822.0,0.0
2823.0,0.0,2823.0,0.0
2824.0,0.0,2824.0,0.0
2825.0,0.0,2825.0,0.0
2826.0,0.521,2826.0,0.0
2827.0,0.0,2827.0,0.0232
2828.0,0.0,2828.0,0.0232
2829.0,0.0,2829.0,0.0
2830.0,0.0,2830.0,0.0
2831.0,0.0,2831.0,0.0
2832.0,0.0,2832.0,0.0
2833.0,0.0,2833.0,0.0
2834.0,0.0,2834.0,0.0
2835.0,0.0,2835.0,0.0
2836.0,0.0,2836.0,0.0
2837.0,0.0,2837.0,0.0463
2838.0,0.0,2838.0,0.0232
2839.0,0.0,2839.0,0.0348
2840.0,0.0,2840.0,0.0116
2841.0,0.0,2841.0,0.0232
2842.0,0.0,2842.0,0.0232
2843.0,0.0,2843.0,0.0348
2844.0,0.0,2844.0,0.0579
2845.0,0.0,2845.0,0.0811
2846.0,0.0,2846.0,0.0695
2847.0,0.0,2847.0,0.0811
2848.0,0.0,2848.0,0.0579
2849.0,0.0,2849.0,0.0348
2850.0,0.0,2850.0,0.0463
2851.0,0.0,2851.0,0.0348
2852.0,0.0,2852.0,0.0463
2853.0,0.0,2853.0,0.0348
2854.0,0.0,2854.0,0.0116
2855.0,0.521,2855.0,0.0
2856.0,0.0,2856.0,0.0
2857.0,0.0,2857.0,0.0
2858.0,0.0,2858.0,0.0
2859.0,0.0,2859.0,0.0
2860.0,0.0,2860.0,0.0
2861.0,0.0,2861.0,0.0
2862.0,0.0,2862.0,0.0
2863.0,0.0,2863.0,0.0
2864.0,0.0,2864.0,0.0463
2865.0,0.0,2865.0,0.0
2866.0,0.0,2866.0,0.0
2867.0,0.0,2867.0,0.0
2868.0,0.0,2868.0,0.0116
2869.0,0.0,2869.0,0.0579
2870.0,0.0,2870.0,0.0463
2871.0,0.0,2871.0,0.0348
2872.0,0.521,2872.0,0.0348
2873.0,0.0,2873.0,0.0348
2874.0,0.0,2874.0,0.0463
2875.0,0.0,2875.0,0.0348
2876.0,0.0,2876.0,0.0348
2877.0,0.0,2877.0,0.0348
2878.0,0.0,2878.0,0.0463
2879.0,0.0,2879.0,0.0463
2880.0,0.0,2880.0,0.0116
2881.0,0.0,2881.0,0.0232
2882.0,0.0,2882.0,0.0
2883.0,0.0,2883.0,0.0463
2884.0,0.0,2884.0,0.0232
2885.0,0.0,2885.0,0.0232
2886.0,0.0,2886.0,0.0
2887.0,0.0,2887.0,0.0
2888.0,0.0,2888.0,0.0
2889.0,0.0,2889.0,0.0348
2890.0,0.0,2890.0,0.0116
2891.0,0.0,2891.0,0.0
2892.0,0.0,2892.0,0.0116
2893.0,0.521,2893.0,0.0463
2894.0,0.0,2894.0,0.0348
2895.0,0.0,2895.0,0.0463
2896.0,0.0,2896.0,0.0463
2897.0,0.0,2897.0,0.0463
2898.0,0.0,2898.0,0.0695
2899.0,0.0,2899.0,0.0463
2900.0,0.0,2900.0,0.0463
2901.0,0.0,2901.0,0.0348
2902.0,0.0,2902.0,0.0463
2903.0,0.0,2903.0,0.0463
2904.0,0.0,2904.0,0.0116
2905.0,0.0,2905.0,0.0348
2906.0,0.0,2906.0,0.0232
2907.0,0.0,2907.0,0.0
2908.0,0.0,2908.0,0.0116
2909.0,0.521,2909.0,0.0348
2910.0,0.0,2910.0,0.0348
2911.0,0.0,2911.0,0.0463
2912.0,0.0,2912.0,0.0463
2913.0,0.0,2913.0,0.0463
2914.0,0.0,2914.0,0.0463
2915.0,0.0,2915.0,0.0579
2916.0,0.0,2916.0,0.0463
2917.0,0.0,2917.0,0.0463
2918.0,0.0,2918.0,0.0463
2919.0,0.0,2919.0,0.0348
2920.0,0.0,2920.0,0.0232
2921.0,0.0,2921.0,0.0232
2922.0,0.0,2922.0,0.0
2923.0,0.521,2923.0,0.0
2924.0,0.0,2924.0,0.0116
2925.0,0.0,2925.0,0.0116
2926.0,0.0,2926.0,0.0232
2927.0,0.0,2927.0,0.0
2928.0,0.0,2928.0,0.0
2929.0,0.0,2929.0,0.0
2930.0,0.0,2930.0,0.0
2931.0,0.0,2931.0,0.0
2932.0,0.0,2932.0,0.0348
2933.0,0.0,2933.0,0.0348
2934.0,0.0,2934.0,0.0348
2935.0,0.0,2935.0,0.0463
2936.0,0.0,2936.0,0.0348
2937.0,0.0,2937.0,0.0695
2938.0,0.0,2938.0,0.0579
2939.0,0.0,2939.0,0.0695
2940.0,0.0,2940.0,0.0348
2941.0,0.0,2941.0,0.0463
2942.0,0.0,2942.0,0.0463
2943.0,0.0,2943.0,0.0348
2944.0,0.521,2944.0,0.0348
2945.0,0.0,2945.0,0.0579
2946.0,0.0,2946.0,0.0463
2947.0,0.0,2947.0,0.0463
2948.0,0.0,2948.0,0.0579
2949.0,0.0,2949.0,0.0463
2950.0,0.0,2950.0,0.0348
2951.0,0.0,2951.0,0.0579
2952.0,0.0,2952.0,0.0463
2953.0,0.0,2953.0,0.0232
2954.0,0.0,2954.0,0.0
2955.0,0.0,2955.0,0.0
2956.0,0.0,2956.0,0.0
2957.0,0.0,2957.0,0.0
2958.0,0.521,2958.0,0.0
2959.0,0.0,2959.0,0.0232
2960.0,0.0,2960.0,0.0232
2961.0,0.0,2961.0,0.0
2962.0,0.0,2962.0,0.0116
2963.0,0.0,2963.0,0.0695
2964.0,0.0,2964.0,0.0695
2965.0,0.0,2965.0,0.0695
2966.0,0.0,2966.0,0.0695
2967.0,0.0,2967.0,0.0463
2968.0,0.0,2968.0,0.0463
2969.0,0.0,2969.0,0.0348
2970.0,0.0,2970.0,0.0579
2971.0,0.0,2971.0,0.0348
2972.0,0.0,2972.0,0.0
2973.0,0.0,2973.0,0.0232
2974.0,0.0,2974.0,0.0232
2975.0,0.0,2975.0,0.0
2976.0,0.0,2976.0,0.0
2977.0,0.0,2977.0,0.0
2978.0,0.521,2978.0,0.0
2979.0,0.0,2979.0,0.0
2980.0,0.0,2980.0,0.0
2981.0,0.0,2981.0,0.0
2982.0,0.0,2982.0,0.0232
2983.0,0.0,2983.0,0.0232
2984.0,0.0,2984.0,0.0463
2985.0,0.0,2985.0,0.0463
2986.0,0.0,2986.0,0.0463
2987.0,0.0,2987.0,0.0695
2988.0,0.0,2988.0,0.0927
2989.0,0.0,2989.0,0.0579
2990.0,0.0,2990.0,0.0695
2991.0,0.0,2991.0,0.0579
2992.0,0.0,2992.0,0.0463
2993.0,0.0,2993.0,0.0579
2994.0,0.0,2994.0,0.0695
2995.0,0.521,2995.0,0.0811
2996.0,0.0,2996.0,0.0348
2997.0,0.0,2997.0,0.0
2998.0,0.0,2998.0,0.0
2999.0,0.0,2999.0,0.0
3000.0,0.0,3000.0,0.0
3001.0,0.0,3001.0,0.0463
3002.0,0.0,3002.0,0.0
3003.0,0.0,3003.0,0.0
3004.0,0.0,3004.0,0.0
3005.0,0.0,3005.0,0.0
3006.0,0.521,3006.0,0.0
3007.0,0.0,3007.0,0.0579
3008.0,0.0,3008.0,0.0579
3009.0,0.0,3009.0,0.0695
3010.0,0.0,3010.0,0.0695
3011.0,0.0,3011.0,0.0811
3012.0,0.0,3012.0,0.104
3013.0,0.0,3013.0,0.104
3014.0,0.0,3014.0,0.0927
3015.0,0.0,3015.0,0.0695
3016.0,0.0,3016.0,0.0811
3017.0,0.0,3017.0,0.0811
3018.0,0.0,3018.0,0.0463
3019.0,0.0,3019.0,0.0348
3020.0,0.0,3020.0,0.0463
3021.0,0.0,3021.0,0.0579
3022.0,0.0,3022.0,0.0579
3023.0,0.0,3023.0,0.0579
3024.0,0.521,3024.0,0.0463
3025.0,0.0,3025.0,0.0695
3026.0,0.0,3026.0,0.0116
3027.0,0.0,3027.0,0.0
3028.0,0.0,3028.0,0.0
3029.0,0.521,3029.0,0.0
3030.0,0.0,3030.0,0.0
3031.0,0.0,3031.0,0.0463
3032.0,0.0,3032.0,0.0
3033.0,0.0,3033.0,0.0
3034.0,0.0,3034.0,0.0116
3035.0,0.0,3035.0,0.0695
3036.0,0.0,3036.0,0.0695
3037.0,0.0,3037.0,0.0811
3038.0,0.0,3038.0,0.0811
3039.0,0.0,3039.0,0.0695
3040.0,0.0,3040.0,0.0927
3041.0,0.0,3041.0,0.0579
3042.0,0.0,3042.0,0.0463
3043.0,0.0,3043.0,0.0695
3044.0,0.0,3044.0,0.0579
3045.0,0.0,3045.0,0.0579
3046.0,0.0,3046.0,0.0695
3047.0,0.0,3047.0,0.0463
3048.0,0.0,3048.0,0.0
3049.0,0.521,3049.0,0.0
3050.0,0.0,3050.0,0.0
3051.0,0.0,3051.0,0.0
3052.0,0.0,3052.0,0.0
3053.0,0.521,3053.0,0.0
3054.0,0.0,3054.0,0.0
3055.0,0.0,3055.0,0.0463
3056.0,0.0,3056.0,0.0579
3057.0,0.0,3057.0,0.0811
3058.0,0.0,3058.0,0.0811
3059.0,0.0,3059.0,0.0579
3060.0,0.0,3060.0,0.0695
3061.0,0.0,3061.0,0.0348
3062.0,0.0,3062.0,0.0348
3063.0,0.0,3063.0,0.0
3064.0,0.0,3064.0,0.0232
3065.0,0.0,3065.0,0.0232
3066.0,0.0,3066.0,0.0579
3067.0,0.521,3067.0,0.0232
3068.0,0.0,3068.0,0.0348
3069.0,0.0,3069.0,0.0
3070.0,0.0,3070.0,0.0
3071.0,0.0,3071.0,0.0
3072.0,0.0,3072.0,0.0463
3073.0,0.0,3073.0,0.0
3074.0,0.0,3074.0,0.0348
3075.0,0.0,3075.0,0.0695
3076.0,0.0,3076.0,0.0695
3077.0,0.0,3077.0,0.0579
3078.0,0.0,3078.0,0.0463
3079.0,0.0,3079.0,0.0927
3080.0,0.0,3080.0,0.0811
3081.0,0.0,3081.0,0.0811
3082.0,0.0,3082.0,0.0811
3083.0,0.0,3083.0,0.0811
3084.0,0.521,3084.0,0.0695
3085.0,0.0,3085.0,0.0579
3086.0,0.0,3086.0,0.0695
3087.0,0.0,3087.0,0.0
3088.0,0.0,3088.0,0.0
3089.0,0.0,3089.0,0.0
3090.0,0.0,3090.0,0.0
3091.0,0.521,3091.0,0.0
3092.0,0.0,3092.0,0.0116
3093.0,0.0,3093.0,0.0232
3094.0,0.0,3094.0,0.0116
3095.0,0.0,3095.0,0.0
3096.0,0.0,3096.0,0.0
3097.0,0.0,3097.0,0.0
3098.0,0.0,3098.0,0.0
3099.0,0.0,3099.0,0.0116
3100.0,0.0,3100.0,0.116
3101.0,0.0,3101.0,0.0811
3102.0,0.0,3102.0,0.0811
3103.0,0.0,3103.0,0.104
3104.0,0.0,3104.0,0.0811
3105.0,0.0,3105.0,0.0927
3106.0,0.0,3106.0,0.0811
3107.0,0.0,3107.0,0.0579
3108.0,0.0,3108.0,0.0579
3109.0,0.0,3109.0,0.0695
3110.0,0.0,3110.0,0.0579
3111.0,0.0,3111.0,0.0579
3112.0,0.0,3112.0,0.0695
3113.0,0.521,3113.0,0.0232
3114.0,0.0,3114.0,0.0232
3115.0,0.0,3115.0,0.0
3116.0,0.0,3116.0,0.0
3117.0,0.0,3117.0,0.0
3118.0,0.0,3118.0,0.0
3119.0,0.521,3119.0,0.0
3120.0,0.0,3120.0,0.0
3121.0,0.0,3121.0,0.0116
3122.0,0.0,3122.0,0.0116
3123.0,0.0,3123.0,0.0232
3124.0,0.0,3124.0,0.0
3125.0,0.0,3125.0,0.0463
3126.0,0.0,3126.0,0.104
3127.0,0.0,3127.0,0.0927
3128.0,0.0,3128.0,0.0811
3129.0,0.0,3129.0,0.0579
3130.0,0.0,3130.0,0.0695
3131.0,0.0,3131.0,0.0695
3132.0,0.0,3132.0,0.0695
3133.0,0.0,3133.0,0.0695
3134.0,0.0,3134.0,0.0695
3135.0,0.0,3135.0,0.0463
3136.0,0.0,3136.0,0.0116
3137.0,0.0,3137.0,0.0
3138.0,0.521,3138.0,0.0
3139.0,0.0,3139.0,0.0
3140.0,0.0,3140.0,0.0
3141.0,0.0,3141.0,0.0
3142.0,0.0,3142.0,0.0
3143.0,0.521,3143.0,0.0
3144.0,0.0,3144.0,0.0232
3145.0,0.0,3145.0,0.0232
3146.0,0.0,3146.0,0.0
3147.0,0.0,3147.0,0.0
3148.0,0.0,3148.0,0.0695
3149.0,0.0,3149.0,0.0695
3150.0,0.0,3150.0,0.0695
3151.0,0.0,3151.0,0.0695
3152.0,0.0,3152.0,0.0463
3153.0,0.0,3153.0,0.0695
3154.0,0.0,3154.0,0.0695
3155.0,0.0,3155.0,0.0811
3156.0,0.0,3156.0,0.0695
3157.0,0.0,3157.0,0.0811
3158.0,0.0,3158.0,0.104
3159.0,0.0,3159.0,0.0463
3160.0,0.0,3160.0,0.0
3161.0,0.521,3161.0,0.0232
3162.0,0.0,3162.0,0.0232
3163.0,0.0,3163.0,0.0
3164.0,0.0,3164.0,0.0463
3165.0,0.0,3165.0,0.0463
3166.0,0.0,3166.0,0.0348
3167.0,0.0,3167.0,0.0348
3168.0,0.0,3168.0,0.0695
3169.0,0.0,3169.0,0.0695
3170.0,0.0,3170.0,0.0695
3171.0,0.0,3171.0,0.0463
3172.0,0.0,3172.0,0.0463
3173.0,0.0,3173.0,0.0232
3174.0,0.0,3174.0,0.0348
3175.0,0.0,3175.0,0.0116
3176.0,0.521,3176.0,0.0
3177.0,0.0,3177.0,0.0
3178.0,0.0,3178.0,0.0
3179.0,0.0,3179.0,0.0
3180.0,0.0,3180.0,0.0463
3181.0,0.0,3181.0,0.0
3182.0,0.0,3182.0,0.0
3183.0,0.0,3183.0,0.0232
3184.0,0.0,3184.0,0.0579
3185.0,0.0,3185.0,0.0695
3186.0,0.0,3186.0,0.0579
3187.0,0.0,3187.0,0.0579
3188.0,0.0,3188.0,0.0579
3189.0,0.0,3189.0,0.0695
3190.0,0.0,3190.0,0.0927
3191.0,0.0,3191.0,0.162
3192.0,0.0,3192.0,0.0927
3193.0,0.0,3193.0,0.0116
3194.0,0.0,3194.0,0.0
3195.0,0.0,3195.0,0.0
3196.0,0.521,3196.0,0.0
3197.0,0.0,3197.0,0.0
3198.0,0.521,3198.0,0.0232
3199.0,0.0,3199.0,0.0232
3200.0,0.0,3200.0,0.0
3201.0,0.0,3201.0,0.0
3202.0,0.0,3202.0,0.0
3203.0,0.0,3203.0,0.0579
3204.0,0.0,3204.0,0.0695
3205.0,0.0,3205.0,0.0579
3206.0,0.0,3206.0,0.0695
3207.0,0.0,3207.0,0.0695
3208.0,0.0,3208.0,0.0927
3209.0,0.0,3209.0,0.0811
3210.0,0.0,3210.0,0.104
3211.0,0.0,3211.0,0.0927
3212.0,0.0,3212.0,0.0811
3213.0,0.521,3213.0,0.0579
3214.0,0.0,3214.0,0.0463
3215.0,0.0,3215.0,0.0579
3216.0,0.0,3216.0,0.0579
3217.0,0.0,3217.0,0.0579
3218.0,0.0,3218.0,0.0348
3219.0,0.0,3219.0,0.0695
3220.0,0.0,3220.0,0.0811
3221.0,0.0,3221.0,0.0811
3222.0,0.0,3222.0,0.0927
3223.0,0.0,3223.0,0.0927
3224.0,0.0,3224.0,0.0
3225.0,0.521,3225.0,0.0
3226.0,0.0,3226.0,0.0
3227.0,0.0,3227.0,0.0
3228.0,0.521,3228.0,0.0463
3229.0,0.0,3229.0,0.0
3230.0,0.0,3230.0,0.0579
3231.0,0.0,3231.0,0.0463
3232.0,0.0,3232.0,0.0579
3233.0,0.0,3233.0,0.0579
3234.0,0.0,3234.0,0.0463
3235.0,0.0,3235.0,0.0463
3236.0,0.0,3236.0,0.0579
3237.0,0.0,3237.0,0.0579
3238.0,0.0,3238.0,0.0695
3239.0,0.0,3239.0,0.0811
3240.0,0.0,3240.0,0.0927
3241.0,0.0,3241.0,0.0579
3242.0,0.0,3242.0,0.0
3243.0,0.0,3243.0,0.0
3244.0,0.521,3244.0,0.0
3245.0,0.0,3245.0,0.0463
3246.0,0.0,3246.0,0.0
3247.0,0.0,3247.0,0.0348
3248.0,0.0,3248.0,0.0579
3249.0,0.0,3249.0,0.0579
3250.0,0.0,3250.0,0.0463
3251.0,0.0,3251.0,0.0348
3252.0,0.0,3252.0,0.0463
3253.0,0.0,3253.0,0.0695
3254.0,0.0,3254.0,0.0463
3255.0,0.0,3255.0,0.0695
3256.0,0.0,3256.0,0.0579
3257.0,0.0,3257.0,0.0116
3258.0,0.0,3258.0,0.0348
3259.0,0.521,3259.0,0.0
3260.0,0.0,3260.0,0.0
3261.0,0.0,3261.0,0.0
3262.0,0.521,3262.0,0.0348
3263.0,0.0,3263.0,0.0116
3264.0,0.0,3264.0,0.0
3265.0,0.0,3265.0,0.0463
3266.0,0.0,3266.0,0.0811
3267.0,0.0,3267.0,0.0695
3268.0,0.0,3268.0,0.0695
3269.0,0.0,3269.0,0.0927
3270.0,0.0,3270.0,0.104
3271.0,0.0,3271.0,0.0695
3272.0,0.0,3272.0,0.0811
3273.0,0.0,3273.0,0.0579
3274.0,0.0,3274.0,0.0695
3275.0,0.0,3275.0,0.0116
3276.0,0.0,3276.0,0.0
3277.0,0.0,3277.0,0.0
3278.0,0.0,3278.0,0.0
3279.0,0.521,3279.0,0.0
3280.0,0.0,3280.0,0.0
3281.0,0.0,3281.0,0.0463
3282.0,0.0,3282.0,0.0
3283.0,0.0,3283.0,0.0
3284.0,0.0,3284.0,0.0
3285.0,0.0,3285.0,0.0579
3286.0,0.0,3286.0,0.104
3287.0,0.0,3287.0,0.116
3288.0,0.0,3288.0,0.0811
3289.0,0.0,3289.0,0.0695
3290.0,0.0,3290.0,0.0579
3291.0,0.0,3291.0,0.0463
3292.0,0.0,3292.0,0.0463
3293.0,0.0,3293.0,0.0348
3294.0,0.0,3294.0,0.0579
3295.0,0.0,3295.0,0.0348
3296.0,0.0,3296.0,0.0348
3297.0,0.0,3297.0,0.0579
3298.0,0.521,3298.0,0.0695
3299.0,0.0,3299.0,0.0811
3300.0,0.0,3300.0,0.0463
3301.0,0.521,3301.0,0.0348
3302.0,0.0,3302.0,0.0
3303.0,0.0,3303.0,0.0116
3304.0,0.0,3304.0,0.0232
3305.0,0.0,3305.0,0.0116
3306.0,0.0,3306.0,0.0
3307.0,0.0,3307.0,0.0116
3308.0,0.0,3308.0,0.0579
3309.0,0.0,3309.0,0.0695
3310.0,0.0,3310.0,0.0811
3311.0,0.0,3311.0,0.0927
3312.0,0.0,3312.0,0.139
3313.0,0.0,3313.0,0.104
3314.0,0.0,3314.0,0.0463
3315.0,0.0,3315.0,0.0348
3316.0,0.0,3316.0,0.0463
3317.0,0.521,3317.0,0.0463
3318.0,0.0,3318.0,0.0463
3319.0,0.0,3319.0,0.0
3320.0,0.0,3320.0,0.0
3321.0,0.0,3321.0,0.0
3322.0,0.0,3322.0,0.0
3323.0,0.521,3323.0,0.0
3324.0,0.0,3324.0,0.0463
3325.0,0.0,3325.0,0.0
3326.0,0.0,3326.0,0.0
3327.0,0.0,3327.0,0.0
3328.0,0.0,3328.0,0.0463
3329.0,0.0,3329.0,0.0695
3330.0,0.0,3330.0,0.0579
3331.0,0.0,3331.0,0.0463
3332.0,0.0,3332.0,0.0463
3333.0,0.0,3333.0,0.0463
3334.0,0.0,3334.0,0.0463
3335.0,0.0,3335.0,0.0579
3336.0,0.0,3336.0,0.0463
3337.0,0.0,3337.0,0.0463
3338.0,0.0,3338.0,0.0579
3339.0,0.0,3339.0,0.0463
3340.0,0.0,3340.0,0.0579
3341.0,0.0,3341.0,0.0695
3342.0,0.0,3342.0,0.0695
3343.0,0.0,3343.0,0.0579
3344.0,0.0,3344.0,0.0
3345.0,0.0,3345.0,0.0
3346.0,0.0,3346.0,0.0
3347.0,1.04,3347.0,0.0
3348.0,0.0,3348.0,0.0463
3349.0,0.0,3349.0,0.0
3350.0,0.0,3350.0,0.0
3351.0,0.0,3351.0,0.0
3352.0,0.0,3352.0,0.0
3353.0,0.0,3353.0,0.0
3354.0,0.0,3354.0,0.0348
3355.0,0.0,3355.0,0.0348
3356.0,0.0,3356.0,0.0232
3357.0,0.0,3357.0,0.0463
3358.0,0.0,3358.0,0.0463
3359.0,0.0,3359.0,0.0927
3360.0,0.0,3360.0,0.104
3361.0,0.0,3361.0,0.0927
3362.0,0.0,3362.0,0.139
3363.0,0.0,3363.0,0.0811
3364.0,0.0,3364.0,0.0579
3365.0,0.0,3365.0,0.0
3366.0,0.521,3366.0,0.0
3367.0,0.0,3367.0,0.0
3368.0,0.0,3368.0,0.0
3369.0,0.0,3369.0,0.0348
3370.0,0.0,3370.0,0.0116
3371.0,0.0,3371.0,0.0
3372.0,0.0,3372.0,0.0
3373.0,0.0,3373.0,0.0
3374.0,0.0,3374.0,0.0
3375.0,0.0,3375.0,0.0
3376.0,0.0,3376.0,0.0116
3377.0,0.0,3377.0,0.0579
3378.0,0.0,3378.0,0.0811
3379.0,0.0,3379.0,0.104
3380.0,0.0,3380.0,0.127
3381.0,0.0,3381.0,0.139
3382.0,0.0,3382.0,0.104
3383.0,0.0,3383.0,0.139
3384.0,0.0,3384.0,0.0116
3385.0,0.521,3385.0,0.0
3386.0,0.0,3386.0,0.0
3387.0,0.0,3387.0,0.0
3388.0,0.521,3388.0,0.0
3389.0,0.0,3389.0,0.0
3390.0,0.0,3390.0,0.0348
3391.0,0.0,3391.0,0.0116
3392.0,0.0,3392.0,0.0
3393.0,0.0,3393.0,0.0
3394.0,0.0,3394.0,0.0
3395.0,0.0,3395.0,0.0
3396.0,0.0,3396.0,0.0
3397.0,0.0,3397.0,0.0116
3398.0,0.0,3398.0,0.0811
3399.0,0.0,3399.0,0.139
3400.0,0.0,3400.0,0.0811
3401.0,0.0,3401.0,0.0463
3402.0,0.0,3402.0,0.0463
3403.0,0.0,3403.0,0.0463
3404.0,0.0,3404.0,0.0579
3405.0,0.0,3405.0,0.0463
3406.0,0.0,3406.0,0.0579
3407.0,0.0,3407.0,0.0579
3408.0,0.0,3408.0,0.0579
3409.0,0.0,3409.0,0.0579
3410.0,0.0,3410.0,0.0695
3411.0,0.0,3411.0,0.0463
3412.0,0.0,3412.0,0.0579
3413.0,0.0,3413.0,0.0927
3414.0,0.521,3414.0,0.104
3415.0,0.0,3415.0,0.0232
3416.0,0.0,3416.0,0.0232
3417.0,0.0,3417.0,0.0
3418.0,0.521,3418.0,0.0
3419.0,0.0,3419.0,0.0
3420.0,0.0,3420.0,0.0232
3421.0,0.0,3421.0,0.0232
3422.0,0.0,3422.0,0.0
3423.0,0.0,3423.0,0.0
3424.0,0.0,3424.0,0.0
3425.0,0.0,3425.0,0.0463
3426.0,0.0,3426.0,0.0579
3427.0,0.0,3427.0,0.0811
3428.0,0.0,3428.0,0.104
3429.0,0.0,3429.0,0.0695
3430.0,0.0,3430.0,0.0695
3431.0,0.0,3431.0,0.0695
3432.0,0.0,3432.0,0.0463
3433.0,0.0,3433.0,0.0579
3434.0,0.0,3434.0,0.104
3435.0,0.0,3435.0,0.104
3436.0,0.0,3436.0,0.104
3437.0,0.0,3437.0,0.104
3438.0,0.521,3438.0,0.0927
3439.0,0.0,3439.0,0.0232
3440.0,0.0,3440.0,0.0
3441.0,0.521,3441.0,0.0
3442.0,0.0,3442.0,0.0463
3443.0,0.0,3443.0,0.0
3444.0,0.0,3444.0,0.0
3445.0,0.0,3445.0,0.0463
3446.0,0.0,3446.0,0.0463
3447.0,0.0,3447.0,0.0463
3448.0,0.0,3448.0,0.0463
3449.0,0.0,3449.0,0.0463
3450.0,0.0,3450.0,0.0348
3451.0,0.0,3451.0,0.0348
3452.0,0.0,3452.0,0.0579
3453.0,0.0,3453.0,0.0463
3454.0,0.0,3454.0,0.0695
3455.0,0.0,3455.0,0.127
3456.0,0.0,3456.0,0.0695
3457.0,0.521,3457.0,0.0348
3458.0,0.0,3458.0,0.0
3459.0,0.0,3459.0,0.0
3460.0,0.0,3460.0,0.0
3461.0,0.0,3461.0,0.0
3462.0,0.521,3462.0,0.0348
3463.0,0.0,3463.0,0.0116
3464.0,0.0,3464.0,0.0
3465.0,0.0,3465.0,0.0116
3466.0,0.0,3466.0,0.0579
3467.0,0.0,3467.0,0.0579
3468.0,0.0,3468.0,0.0463
3469.0,0.0,3469.0,0.0579
3470.0,0.0,3470.0,0.0695
3471.0,0.0,3471.0,0.0927
3472.0,0.0,3472.0,0.0811
3473.0,0.0,3473.0,0.0695
3474.0,0.0,3474.0,0.0811
3475.0,0.0,3475.0,0.0579
3476.0,0.0,3476.0,0.0695
3477.0,0.521,3477.0,0.0579
3478.0,0.0,3478.0,0.0579
3479.0,0.0,3479.0,0.116
3480.0,0.0,3480.0,0.127
3481.0,0.0,3481.0,0.0
3482.0,0.0,3482.0,0.0
3483.0,0.0,3483.0,0.0
3484.0,0.521,3484.0,0.0
3485.0,0.0,3485.0,0.0348
3486.0,0.0,3486.0,0.0116
3487.0,0.0,3487.0,0.0
3488.0,0.0,3488.0,0.0
3489.0,0.0,3489.0,0.0232
3490.0,0.0,3490.0,0.0811
3491.0,0.0,3491.0,0.139
3492.0,0.0,3492.0,0.104
3493.0,0.0,3493.0,0.0695
3494.0,0.0,3494.0,0.0695
3495.0,0.0,3495.0,0.0579
3496.0,0.0,3496.0,0.0579
3497.0,0.0,3497.0,0.0811
3498.0,0.0,3498.0,0.0579
3499.0,0.0,3499.0,0.0695
3500.0,0.0,3500.0,0.0579
3501.0,0.0,3501.0,0.0579
3502.0,0.0,3502.0,0.0463
3503.0,0.0,3503.0,0.0463
3504.0,0.0,3504.0,0.0579
3505.0,0.521,3505.0,0.116
3506.0,0.0,3506.0,0.0579
3507.0,0.0,3507.0,0.0
3508.0,0.0,3508.0,0.0
3509.0,0.0,3509.0,0.0
3510.0,0.521,3510.0,0.0
3511.0,0.0,3511.0,0.0
3512.0,0.0,3512.0,0.0116
3513.0,0.0,3513.0,0.0348
3514.0,0.0,3514.0,0.0
3515.0,0.0,3515.0,0.0
3516.0,0.0,3516.0,0.0232
3517.0,0.0,3517.0,0.127
3518.0,0.0,3518.0,0.151
3519.0,0.0,3519.0,0.0811
3520.0,0.0,3520.0,0.116
3521.0,0.0,3521.0,0.0695
3522.0,0.0,3522.0,0.0811
3523.0,0.0,3523.0,0.0811
3524.0,0.0,3524.0,0.0927
3525.0,0.0,3525.0,0.0
3526.0,0.0,3526.0,0.0
3527.0,0.521,3527.0,0.0
3528.0,0.0,3528.0,0.0
3529.0,0.0,3529.0,0.0
3530.0,0.0,3530.0,0.0
3531.0,0.521,3531.0,0.0
3532.0,0.0,3532.0,0.0463
3533.0,0.0,3533.0,0.0
3534.0,0.0,3534.0,0.0
3535.0,0.0,3535.0,0.0
3536.0,0.0,3536.0,0.0463
3537.0,0.0,3537.0,0.0463
3538.0,0.0,3538.0,0.0579
3539.0,0.0,3539.0,0.0695
3540.0,0.0,3540.0,0.0695
3541.0,0.0,3541.0,0.0695
3542.0,0.0,3542.0,0.116
3543.0,0.0,3543.0,0.151
3544.0,0.0,3544.0,0.0463
3545.0,0.0,3545.0,0.0
3546.0,0.0,3546.0,0.0
3547.0,0.0,3547.0,0.0116
3548.0,0.0,3548.0,0.0579
3549.0,0.0,3549.0,0.0
3550.0,0.521,3550.0,0.0
3551.0,0.0,3551.0,0.0
3552.0,0.0,3552.0,0.0
3553.0,0.0,3553.0,0.0
3554.0,0.0,3554.0,0.0348
3555.0,0.0,3555.0,0.0232
3556.0,0.521,3556.0,0.0695
3557.0,0.0,3557.0,0.0579
3558.0,0.0,3558.0,0.0579
3559.0,0.0,3559.0,0.0927
3560.0,0.0,3560.0,0.0348
3561.0,0.0,3561.0,0.0232
3562.0,0.0,3562.0,0.0116
3563.0,0.0,3563.0,0.0348
3564.0,0.0,3564.0,0.0695
3565.0,0.0,3565.0,0.0232
3566.0,0.0,3566.0,0.0232
3567.0,0.0,3567.0,0.0116
3568.0,0.0,3568.0,0.0
3569.0,0.0,3569.0,0.0
3570.0,0.0,3570.0,0.0
3571.0,0.0,3571.0,0.0
3572.0,0.521,3572.0,0.0463
3573.0,0.0,3573.0,0.0
3574.0,0.0,3574.0,0.0348
3575.0,0.0,3575.0,0.0463
3576.0,0.0,3576.0,0.0348
3577.0,0.0,3577.0,0.0463
3578.0,0.0,3578.0,0.0463
3579.0,0.0,3579.0,0.0695
3580.0,0.0,3580.0,0.0695
3581.0,0.0,3581.0,0.0116
3582.0,0.0,3582.0,0.0463
3583.0,0.0,3583.0,0.0232
3584.0,0.0,3584.0,0.0
3585.0,0.0,3585.0,0.0
3586.0,0.0,3586.0,0.0
3587.0,0.0,3587.0,0.0
3588.0,0.0,3588.0,0.0
3589.0,0.0,3589.0,0.0116
3590.0,0.521,3590.0,0.0116
3591.0,0.0,3591.0,0.0232
3592.0,0.0,3592.0,0.0
3593.0,0.0,3593.0,0.0463
3594.0,0.0,3594.0,0.0695
3595.0,0.0,3595.0,0.0463
3596.0,0.0,3596.0,0.0695
3597.0,0.0,3597.0,0.0348
3598.0,0.0,3598.0,0.0463
3599.0,0.0,3599.0,0.0463
3600.0,0.0,3600.0,0.0232
3601.0,0.0,3601.0,0.0232
3602.0,0.0,3602.0,0.0232
3603.0,0.0,3603.0,0.0232
3604.0,0.0,3604.0,0.0
3605.0,0.0,3605.0,0.0348
3606.0,0.0,3606.0,0.0116
3607.0,0.0,3607.0,0.0
3608.0,0.0,3608.0,0.0
3609.0,0.0,3609.0,0.0
3610.0,0.0,3610.0,0.0
3611.0,0.0,3611.0,0.0
3612.0,0.521,3612.0,0.0
3613.0,0.0,3613.0,0.0463
3614.0,0.0,3614.0,0.0
3615.0,0.0,3615.0,0.0
3616.0,0.0,3616.0,0.0
3617.0,0.0,3617.0,0.0
3618.0,0.0,3618.0,0.0
3619.0,0.0,3619.0,0.0348
3620.0,0.0,3620.0,0.0348
3621.0,0.0,3621.0,0.0348
3622.0,0.0,3622.0,0.0463
3623.0,0.0,3623.0,0.0463
3624.0,0.0,3624.0,0.0463
3625.0,0.0,3625.0,0.0463
3626.0,0.0,3626.0,0.0579
3627.0,0.0,3627.0,0.0811
3628.0,0.0,3628.0,0.0348
3629.0,0.0,3629.0,0.0348
3630.0,0.0,3630.0,0.0463
3631.0,0.0,3631.0,0.0463
3632.0,0.0,3632.0,0.0
3633.0,0.0,3633.0,0.0232
3634.0,0.0,3634.0,0.0
3635.0,0.0,3635.0,0.0
3636.0,0.0,3636.0,0.0
3637.0,0.0,3637.0,0.0
3638.0,0.0,3638.0,0.0
3639.0,0.0,3639.0,0.0
3640.0,0.521,3640.0,0.0116
3641.0,0.0,3641.0,0.0232
3642.0,0.0,3642.0,0.0116
3643.0,0.0,3643.0,0.0
3644.0,0.0,3644.0,0.0232
3645.0,0.0,3645.0,0.0463
3646.0,0.0,3646.0,0.0232
3647.0,0.0,3647.0,0.0348
3648.0,0.0,3648.0,0.0579
3649.0,0.0,3649.0,0.0348
3650.0,0.0,3650.0,0.0463
3651.0,0.0,3651.0,0.0348
3652.0,0.0,3652.0,0.0348
3653.0,0.0,3653.0,0.0116
3654.0,0.0,3654.0,0.0
3655.0,0.0,3655.0,0.0
3656.0,0.0,3656.0,0.0
3657.0,0.0,3657.0,0.0
3658.0,0.0,3658.0,0.0
3659.0,0.0,3659.0,0.0
3660.0,0.0,3660.0,0.0232
3661.0,0.521,3661.0,0.0232
3662.0,0.0,3662.0,0.0
3663.0,0.0,3663.0,0.0
3664.0,0.0,3664.0,0.0
3665.0,0.0,3665.0,0.0232
3666.0,0.0,3666.0,0.0348
3667.0,0.0,3667.0,0.0579
3668.0,0.0,3668.0,0.0695
3669.0,0.0,3669.0,0.0348
3670.0,0.0,3670.0,0.0463
3671.0,0.0,3671.0,0.0232
3672.0,0.0,3672.0,0.0232
3673.0,0.0,3673.0,0.0
3674.0,0.0,3674.0,0.0116
3675.0,0.0,3675.0,0.0116
3676.0,0.0,3676.0,0.0
3677.0,0.0,3677.0,0.0
3678.0,0.0,3678.0,0.0
3679.0,0.0,3679.0,0.0
3680.0,0.0,3680.0,0.0232
3681.0,0.0,3681.0,0.0116
3682.0,0.0,3682.0,0.0116
3683.0,0.0,3683.0,0.0
3684.0,0.0,3684.0,0.0
3685.0,0.0,3685.0,0.0579
3686.0,0.0,3686.0,0.0348
3687.0,0.0,3687.0,0.0232
3688.0,0.0,3688.0,0.0232
3689.0,0.0,3689.0,0.0232
3690.0,0.0,3690.0,0.0463
3691.0,0.0,3691.0,0.0463
3692.0,0.0,3692.0,0.0463
3693.0,0.0,3693.0,0.0348
3694.0,0.0,3694.0,0.0348
3695.0,0.0,3695.0,0.0579
3696.0,0.0,3696.0,0.0579
3697.0,0.0,3697.0,0.0
3698.0,0.0,3698.0,0.0
3699.0,0.0,3699.0,0.0
3700.0,0.521,3700.0,0.0
3701.0,0.0,3701.0,0.0
3702.0,0.0,3702.0,0.0
3703.0,0.0,3703.0,0.0348
3704.0,0.0,3704.0,0.0116
3705.0,0.0,3705.0,0.0
3706.0,0.0,3706.0,0.0
3707.0,0.0,3707.0,0.0116
3708.0,0.0,3708.0,0.0348
3709.0,0.0,3709.0,0.0348
3710.0,0.0,3710.0,0.0232
3711.0,0.0,3711.0,0.0463
3712.0,0.0,3712.0,0.0579
3713.0,0.0,3713.0,0.0463
3714.0,0.0,3714.0,0.0463
3715.0,0.0,3715.0,0.0579
3716.0,0.0,3716.0,0.0695
3717.0,0.0,3717.0,0.0
3718.0,0.521,3718.0,0.0
3719.0,0.0,3719.0,0.0232
3720.0,0.0,3720.0,0.0232
3721.0,0.0,3721.0,0.0
3722.0,0.0,3722.0,0.0463
3723.0,0.0,3723.0,0.0348
3724.0,0.0,3724.0,0.0232
3725.0,0.0,3725.0,0.0348
3726.0,0.0,3726.0,0.0232
3727.0,0.0,3727.0,0.0348
3728.0,0.0,3728.0,0.0232
3729.0,0.0,3729.0,0.0463
3730.0,0.0,3730.0,0.0348
3731.0,0.0,3731.0,0.0348
3732.0,0.0,3732.0,0.0232
3733.0,0.0,3733.0,0.0116
3734.0,0.521,3734.0,0.0
3735.0,0.0,3735.0,0.0116
3736.0,0.0,3736.0,0.0348
3737.0,0.0,3737.0,0.0
3738.0,0.0,3738.0,0.0463
3739.0,0.0,3739.0,0.0348
3740.0,0.0,3740.0,0.0348
3741.0,0.0,3741.0,0.0348
3742.0,0.0,3742.0,0.0348
3743.0,0.0,3743.0,0.0348
3744.0,0.0,3744.0,0.0232
3745.0,0.0,3745.0,0.0348
3746.0,0.0,3746.0,0.0348
3747.0,0.0,3747.0,0.0232
3748.0,0.0,3748.0,0.0348
3749.0,0.0,3749.0,0.0463
3750.0,0.0,3750.0,0.0232
3751.0,0.521,3751.0,0.0
3752.0,0.0,3752.0,0.0
3753.0,0.0,3753.0,0.0
3754.0,0.0,3754.0,0.0463
3755.0,0.0,3755.0,0.0
3756.0,0.0,3756.0,0.0
3757.0,0.0,3757.0,0.0463
3758.0,0.0,3758.0,0.0348
3759.0,0.0,3759.0,0.0348
3760.0,0.0,3760.0,0.0348
3761.0,0.0,3761.0,0.0348
3762.0,0.0,3762.0,0.0348
3763.0,0.0,3763.0,0.0232
3764.0,0.0,3764.0,0.0348
3765.0,0.0,3765.0,0.0463
3766.0,0.0,3766.0,0.0579
3767.0,0.0,3767.0,0.0463
3768.0,0.0,3768.0,0.0463
3769.0,0.0,3769.0,0.0579
3770.0,0.0,3770.0,0.0463
3771.0,0.521,3771.0,0.0
3772.0,0.0,3772.0,0.0116
3773.0,0.0,3773.0,0.0348
3774.0,0.0,3774.0,0.0
3775.0,0.0,3775.0,0.0463
3776.0,0.0,3776.0,0.0348
3777.0,0.0,3777.0,0.0232
3778.0,0.0,3778.0,0.0348
3779.0,0.0,3779.0,0.0348
3780.0,0.0,3780.0,0.0348
3781.0,0.0,3781.0,0.0463
3782.0,0.0,3782.0,0.0
3783.0,0.0,3783.0,0.0232
3784.0,0.0,3784.0,0.0348
3785.0,0.0,3785.0,0.0348
3786.0,0.0,3786.0,0.0232
3787.0,0.0,3787.0,0.0
3788.0,0.521,3788.0,0.0
3789.0,0.0,3789.0,0.0348
3790.0,0.0,3790.0,0.0116
3791.0,0.0,3791.0,0.0
3792.0,0.0,3792.0,0.0579
3793.0,0.0,3793.0,0.0463
3794.0,0.0,3794.0,0.0348
3795.0,0.0,3795.0,0.0463
3796.0,0.0,3796.0,0.0348
3797.0,0.0,3797.0,0.0348
3798.0,0.0,3798.0,0.0463
3799.0,0.0,3799.0,0.0348
3800.0,0.0,3800.0,0.0348
3801.0,0.0,3801.0,0.0348
3802.0,0.521,3802.0,0.0463
3803.0,0.0,3803.0,0.0463
3804.0,0.0,3804.0,0.0463
3805.0,0.0,3805.0,0.0463
3806.0,0.0,3806.0,0.0116
3807.0,0.0,3807.0,0.0
3808.0,0.0,3808.0,0.0
3809.0,0.0,3809.0,0.0116
3810.0,0.0,3810.0,0.0348
3811.0,0.0,3811.0,0.0
3812.0,0.0,3812.0,0.0463
3813.0,0.0,3813.0,0.0695
3814.0,0.0,3814.0,0.0579
3815.0,0.0,3815.0,0.0463
3816.0,0.0,3816.0,0.0348
3817.0,0.521,3817.0,0.0463
3818.0,0.0,3818.0,0.0463
3819.0,0.0,3819.0,0.0348
3820.0,0.0,3820.0,0.0348
3821.0,0.0,3821.0,0.0348
3822.0,0.0,3822.0,0.0463
3823.0,0.0,3823.0,0.0348
3824.0,0.0,3824.0,0.0348
3825.0,0.0,3825.0,0.0232
3826.0,0.0,3826.0,0.0116
3827.0,0.521,3827.0,0.0348
3828.0,0.0,3828.0,0.0232
3829.0,0.0,3829.0,0.0463
3830.0,0.0,3830.0,0.0348
3831.0,0.0,3831.0,0.0579
3832.0,0.0,3832.0,0.0695
3833.0,0.0,3833.0,0.0579
3834.0,0.0,3834.0,0.0579
3835.0,0.0,3835.0,0.0463
3836.0,0.0,3836.0,0.0348
3837.0,0.0,3837.0,0.0579
3838.0,0.0,3838.0,0.0
3839.0,0.0,3839.0,0.0
3840.0,0.0,3840.0,0.0232
3841.0,0.521,3841.0,0.0232
3842.0,0.0,3842.0,0.0116
3843.0,0.0,3843.0,0.0463
3844.0,0.0,3844.0,0.0348
3845.0,0.0,3845.0,0.0348
3846.0,0.0,3846.0,0.0463
3847.0,0.0,3847.0,0.0348
3848.0,0.0,3848.0,0.0463
3849.0,0.0,3849.0,0.0695
3850.0,0.0,3850.0,0.0811
3851.0,0.0,3851.0,0.0232
3852.0,0.0,3852.0,0.0348
3853.0,0.0,3853.0,0.0348
3854.0,0.0,3854.0,0.0232
3855.0,0.0,3855.0,0.0
3856.0,0.0,3856.0,0.0
3857.0,0.0,3857.0,0.0116
3858.0,0.521,3858.0,0.0348
3859.0,0.0,3859.0,0.0348
3860.0,0.0,3860.0,0.0348
3861.0,0.0,3861.0,0.0463
3862.0,0.0,3862.0,0.0348
3863.0,0.0,3863.0,0.0463
3864.0,0.0,3864.0,0.0463
3865.0,0.0,3865.0,0.0463
3866.0,0.0,3866.0,0.0463
3867.0,0.0,3867.0,0.0463
3868.0,0.0,3868.0,0.0579
3869.0,0.0,3869.0,0.0116
3870.0,0.0,3870.0,0.0232
3871.0,0.0,3871.0,0.0
3872.0,0.0,3872.0,0.0
3873.0,0.521,3873.0,0.0348
3874.0,0.0,3874.0,0.0348
3875.0,0.0,3875.0,0.0348
3876.0,0.0,3876.0,0.0463
3877.0,0.0,3877.0,0.0463
3878.0,0.0,3878.0,0.0463
3879.0,0.0,3879.0,0.0579
3880.0,0.0,3880.0,0.0348
3881.0,0.0,3881.0,0.0579
3882.0,0.0,3882.0,0.0348
3883.0,0.0,3883.0,0.0232
3884.0,0.0,3884.0,0.0463
3885.0,0.0,3885.0,0.0116
3886.0,0.0,3886.0,0.0
3887.0,0.0,3887.0,0.0116
3888.0,0.521,3888.0,0.0348
3889.0,0.0,3889.0,0.0232
3890.0,0.0,3890.0,0.0463
3891.0,0.0,3891.0,0.0348
3892.0,0.0,3892.0,0.0348
3893.0,0.0,3893.0,0.0463
3894.0,0.0,3894.0,0.0348
3895.0,0.0,3895.0,0.0463
3896.0,0.0,3896.0,0.0579
3897.0,0.0,3897.0,0.0348
3898.0,0.0,3898.0,0.0463
3899.0,0.0,3899.0,0.0463
3900.0,0.0,3900.0,0.0232
3901.0,0.0,3901.0,0.0
3902.0,0.0,3902.0,0.0116
3903.0,0.521,3903.0,0.0232
3904.0,0.0,3904.0,0.0116
3905.0,0.0,3905.0,0.0463
3906.0,0.0,3906.0,0.0463
3907.0,0.0,3907.0,0.0348
3908.0,0.0,3908.0,0.0348
3909.0,0.0,3909.0,0.0463
3910.0,0.0,3910.0,0.0463
3911.0,0.0,3911.0,0.0695
3912.0,0.0,3912.0,0.0348
3913.0,0.0,3913.0,0.0348
3914.0,0.0,3914.0,0.0348
3915.0,0.0,3915.0,0.0348
3916.0,0.0,3916.0,0.0116
3917.0,0.0,3917.0,0.0
3918.0,0.0,3918.0,0.0116
3919.0,0.521,3919.0,0.0348
3920.0,0.0,3920.0,0.0463
3921.0,0.0,3921.0,0.0348
3922.0,0.0,3922.0,0.0463
3923.0,0.0,3923.0,0.0348
3924.0,0.0,3924.0,0.0463
3925.0,0.0,3925.0,0.0579
3926.0,0.0,3926.0,0.0695
3927.0,0.0,3927.0,0.0232
3928.0,0.0,3928.0,0.0579
3929.0,0.0,3929.0,0.0463
3930.0,0.0,3930.0,0.0463
3931.0,0.0,3931.0,0.0232
3932.0,0.0,3932.0,0.0
3933.0,0.0,3933.0,0.0116
3934.0,0.521,3934.0,0.0348
3935.0,0.0,3935.0,0.0348
3936.0,0.0,3936.0,0.0463
3937.0,0.0,3937.0,0.0463
3938.0,0.0,3938.0,0.0463
3939.0,0.0,3939.0,0.0463
3940.0,0.0,3940.0,0.0695
3941.0,0.0,3941.0,0.0695
3942.0,0.0,3942.0,0.0463
3943.0,0.0,3943.0,0.0695
3944.0,0.0,3944.0,0.0348
3945.0,0.0,3945.0,0.0579
3946.0,0.521,3946.0,0.0116
3947.0,0.0,3947.0,0.0
3948.0,0.0,3948.0,0.0116
3949.0,0.0,3949.0,0.0348
3950.0,0.0,3950.0,0.0348
3951.0,0.0,3951.0,0.0463
3952.0,0.0,3952.0,0.0463
3953.0,0.0,3953.0,0.0579
3954.0,0.0,3954.0,0.0463
3955.0,0.0,3955.0,0.0695
3956.0,0.0,3956.0,0.0579
3957.0,0.0,3957.0,0.0695
3958.0,0.0,3958.0,0.0695
3959.0,0.521,3959.0,0.0463
3960.0,0.0,3960.0,0.0463
3961.0,0.0,3961.0,0.0
3962.0,0.0,3962.0,0.0
3963.0,0.0,3963.0,0.0232
3964.0,0.0,3964.0,0.0232
3965.0,0.0,3965.0,0.0348
3966.0,0.0,3966.0,0.0463
3967.0,0.0,3967.0,0.0463
3968.0,0.0,3968.0,0.0463
3969.0,0.0,3969.0,0.0348
3970.0,0.0,3970.0,0.0463
3971.0,0.0,3971.0,0.0348
3972.0,0.0,3972.0,0.0579
3973.0,0.0,3973.0,0.0579
3974.0,0.0,3974.0,0.0579
3975.0,0.521,3975.0,0.0695
3976.0,0.0,3976.0,0.0579
3977.0,0.0,3977.0,0.0
3978.0,0.0,3978.0,0.0
3979.0,0.0,3979.0,0.0463
3980.0,0.0,3980.0,0.0232
3981.0,0.0,3981.0,0.0348
3982.0,0.0,3982.0,0.0463
3983.0,0.0,3983.0,0.0348
3984.0,0.0,3984.0,0.0348
3985.0,0.0,3985.0,0.0463
3986.0,0.0,3986.0,0.0463
3987.0,0.521,3987.0,0.0232
3988.0,0.0,3988.0,0.0348
3989.0,0.0,3989.0,0.0116
3990.0,0.0,3990.0,0.0579
3991.0,0.0,3991.0,0.0579
3992.0,0.0,3992.0,0.0232
3993.0,0.0,3993.0,0.0463
3994.0,0.0,3994.0,0.0579
3995.0,0.0,3995.0,0.0348
3996.0,0.521,3996.0,0.0463
3997.0,0.0,3997.0,0.0348
3998.0,0.0,3998.0,0.0348
3999.0,0.0,3999.0,0.0348
4000.0,0.0,4000.0,0.0463
4001.0,0.0,4001.0,0.0348
4002.0,0.0,4002.0,0.0463
4003.0,0.0,4003.0,0.0348
4004.0,0.0,4004.0,0.0116
4005.0,0.0,4005.0,0.0348
4006.0,0.0,4006.0,0.0232
4007.0,0.0,4007.0,0.0579
4008.0,0.0,4008.0,0.0579
4009.0,0.0,4009.0,0.0463
4010.0,0.521,4010.0,0.0579
4011.0,0.0,4011.0,0.0579
4012.0,0.0,4012.0,0.0348
4013.0,0.0,4013.0,0.0579
4014.0,0.0,4014.0,0.0348
4015.0,0.0,4015.0,0.0463
4016.0,0.0,4016.0,0.0579
4017.0,0.0,4017.0,0.0463
4018.0,0.0,4018.0,0.0463
4019.0,0.0,4019.0,0.0579
4020.0,0.0,4020.0,0.0
4021.0,0.0,4021.0,0.0116
4022.0,0.0,4022.0,0.0348
4023.0,0.521,4023.0,0.0348
4024.0,0.0,4024.0,0.0463
4025.0,0.0,4025.0,0.0579
4026.0,0.0,4026.0,0.0463
4027.0,0.0,4027.0,0.0579
4028.0,0.0,4028.0,0.0579
4029.0,0.0,4029.0,0.0579
4030.0,0.0,4030.0,0.0579
4031.0,0.0,4031.0,0.0579
4032.0,0.0,4032.0,0.0695
4033.0,0.0,4033.0,0.0463
4034.0,0.0,4034.0,0.0348
4035.0,0.0,4035.0,0.0
4036.0,0.521,4036.0,0.0
4037.0,0.0,4037.0,0.0463
4038.0,0.0,4038.0,0.0116
4039.0,0.0,4039.0,0.0579
4040.0,0.0,4040.0,0.0579
4041.0,0.0,4041.0,0.0695
4042.0,0.0,4042.0,0.0579
4043.0,0.0,4043.0,0.0463
4044.0,0.0,4044.0,0.0579
4045.0,0.0,4045.0,0.0579
4046.0,0.0,4046.0,0.0348
4047.0,0.0,4047.0,0.0695
4048.0,0.521,4048.0,0.0348
4049.0,0.0,4049.0,0.0
4050.0,0.0,4050.0,0.0
4051.0,0.0,4051.0,0.0
4052.0,0.0,4052.0,0.0463
4053.0,0.0,4053.0,0.0
4054.0,0.0,4054.0,0.0348
4055.0,0.0,4055.0,0.0463
4056.0,0.0,4056.0,0.0579
4057.0,0.0,4057.0,0.0463
4058.0,0.0,4058.0,0.0579
4059.0,0.0,4059.0,0.0348
4060.0,0.0,4060.0,0.0348
4061.0,0.0,4061.0,0.0579
4062.0,0.0,4062.0,0.0695
4063.0,0.0,4063.0,0.0579
4064.0,0.0,4064.0,0.0348
4065.0,0.521,4065.0,0.0348
4066.0,0.0,4066.0,0.0
4067.0,0.0,4067.0,0.0
4068.0,0.0,4068.0,0.0
4069.0,0.0,4069.0,0.0348
4070.0,0.0,4070.0,0.0232
4071.0,0.0,4071.0,0.0463
4072.0,0.0,4072.0,0.0463
4073.0,0.0,4073.0,0.0348
4074.0,0.0,4074.0,0.0463
4075.0,0.0,4075.0,0.0348
4076.0,0.0,4076.0,0.0579
4077.0,0.0,4077.0,0.0116
4078.0,0.521,4078.0,0.0463
4079.0,0.0,4079.0,0.0695
4080.0,0.0,4080.0,0.0
4081.0,0.0,4081.0,0.0
4082.0,0.0,4082.0,0.0
4083.0,0.0,4083.0,0.0463
4084.0,0.0,4084.0,0.0
4085.0,0.0,4085.0,0.0463
4086.0,0.0,4086.0,0.0348
4087.0,0.0,4087.0,0.0348
4088.0,0.0,4088.0,0.0463
4089.0,0.0,4089.0,0.0348
4090.0,0.0,4090.0,0.0348
4091.0,0.0,4091.0,0.0116
4092.0,0.0,4092.0,0.0232
4093.0,0.0,4093.0,0.0232
4094.0,0.521,4094.0,0.0579
4095.0,0.0,4095.0,0.0348
4096.0,0.0,4096.0,0.0
4097.0,0.0,4097.0,0.0
4098.0,0.0,4098.0,0.0232
4099.0,0.0,4099.0,0.0232
4100.0,0.0,4100.0,0.0348
4101.0,0.0,4101.0,0.0348
4102.0,0.0,4102.0,0.0348
4103.0,0.0,4103.0,0.0463
4104.0,0.0,4104.0,0.0348
4105.0,0.0,4105.0,0.0116
4106.0,0.0,4106.0,0.0348
4107.0,0.0,4107.0,0.0116
4108.0,0.0,4108.0,0.0348
4109.0,0.0,4109.0,0.0463
4110.0,0.0,4110.0,0.0
4111.0,0.0,4111.0,0.0
4112.0,0.521,4112.0,0.0348
4113.0,0.0,4113.0,0.0116
4114.0,0.0,4114.0,0.0116
4115.0,0.0,4115.0,0.0579
4116.0,0.0,4116.0,0.0463
4117.0,0.0,4117.0,0.0579
4118.0,0.0,4118.0,0.0463
4119.0,0.0,4119.0,0.0232
4120.0,0.0,4120.0,0.0232
4121.0,0.0,4121.0,0.0348
4122.0,0.0,4122.0,0.0
4123.0,0.0,4123.0,0.0348
4124.0,0.0,4124.0,0.0811
4125.0,0.0,4125.0,0.0
4126.0,0.0,4126.0,0.0
4127.0,0.0,4127.0,0.0463
4128.0,0.521,4128.0,0.0
4129.0,0.0,4129.0,0.0463
4130.0,0.0,4130.0,0.0463
4131.0,0.0,4131.0,0.0348
4132.0,0.0,4132.0,0.0463
4133.0,0.0,4133.0,0.0463
4134.0,0.0,4134.0,0.0232
4135.0,0.0,4135.0,0.0348
4136.0,0.0,4136.0,0.0348
4137.0,0.0,4137.0,0.0348
4138.0,0.0,4138.0,0.0463
4139.0,0.0,4139.0,0.0579
4140.0,0.0,4140.0,0.0348
4141.0,0.0,4141.0,0.0
4142.0,0.0,4142.0,0.0232
4143.0,0.0,4143.0,0.0232
4144.0,0.521,4144.0,0.0348
4145.0,0.0,4145.0,0.0348
4146.0,0.0,4146.0,0.0348
4147.0,0.0,4147.0,0.0579
4148.0,0.0,4148.0,0.0463
4149.0,0.0,4149.0,0.0232
4150.0,0.0,4150.0,0.0348
4151.0,0.0,4151.0,0.0116
4152.0,0.0,4152.0,0.0463
4153.0,0.0,4153.0,0.0348
4154.0,0.0,4154.0,0.0348
4155.0,0.0,4155.0,0.0695
4156.0,0.0,4156.0,0.0
4157.0,0.0,4157.0,0.0232
4158.0,0.0,4158.0,0.0232
4159.0,0.521,4159.0,0.0116
4160.0,0.0,4160.0,0.0348
4161.0,0.0,4161.0,0.0348
4162.0,0.0,4162.0,0.0348
4163.0,0.0,4163.0,0.0232
4164.0,0.0,4164.0,0.0463
4165.0,0.0,4165.0,0.0348
4166.0,0.0,4166.0,0.0232
4167.0,0.0,4167.0,0.0463
4168.0,0.0,4168.0,0.0116
4169.0,0.0,4169.0,0.0348
4170.0,0.0,4170.0,0.0579
4171.0,0.0,4171.0,0.0463
4172.0,0.0,4172.0,0.0
4173.0,0.0,4173.0,0.0232
4174.0,0.0,4174.0,0.0232
4175.0,0.0,4175.0,0.0
4176.0,0.521,4176.0,0.0463
4177.0,0.0,4177.0,0.0232
4178.0,0.0,4178.0,0.0232
4179.0,0.0,4179.0,0.0348
4180.0,0.0,4180.0,0.0232
4181.0,0.0,4181.0,0.0348
4182.0,0.0,4182.0,0.0116
4183.0,0.0,4183.0,0.0116
4184.0,0.0,4184.0,0.0348
4185.0,0.0,4185.0,0.0348
4186.0,0.0,4186.0,0.0348
4187.0,0.0,4187.0,0.0695
4188.0,0.0,4188.0,0.0348
4189.0,0.0,4189.0,0.0348
4190.0,0.0,4190.0,0.0232
4191.0,0.0,4191.0,0.0116
4192.0,0.0,4192.0,0.0232
4193.0,0.0,4193.0,0.0348
4194.0,0.0,4194.0,0.0232
4195.0,0.0,4195.0,0.0116
4196.0,0.0,4196.0,0.0348
4197.0,0.521,4197.0,0.0232
4198.0,0.0,4198.0,0.0116
4199.0,0.0,4199.0,0.0116
4200.0,0.0,4200.0,0.0116
4201.0,0.0,4201.0,0.0116
4202.0,0.0,4202.0,0.0116
4203.0,0.0,4203.0,0.0232
4204.0,0.0,4204.0,0.0116
4205.0,0.0,4205.0,0.0579
4206.0,0.0,4206.0,0.0463
4207.0,0.0,4207.0,0.0348
4208.0,0.0,4208.0,0.0116
4209.0,0.0,4209.0,0.0232
4210.0,0.0,4210.0,0.0232
4211.0,0.0,4211.0,0.0232
4212.0,0.0,4212.0,0.0116
4213.0,0.0,4213.0,0.0232
4214.0,0.0,4214.0,0.0
4215.0,0.0,4215.0,0.0116
4216.0,0.0,4216.0,0.0232
4217.0,0.0,4217.0,0.0116
4218.0,0.521,4218.0,0.0232
4219.0,0.0,4219.0,0.0116
4220.0,0.0,4220.0,0.0116
4221.0,0.0,4221.0,0.0348
4222.0,0.0,4222.0,0.0811
4223.0,0.0,4223.0,0.0348
4224.0,0.0,4224.0,0.0348
4225.0,0.0,4225.0,0.0348
4226.0,0.0,4226.0,0.0232
4227.0,0.0,4227.0,0.0116
4228.0,0.0,4228.0,0.0348
4229.0,0.0,4229.0,0.0232
4230.0,0.0,4230.0,0.0116
4231.0,0.0,4231.0,0.0116
4232.0,0.0,4232.0,0.0116
4233.0,0.0,4233.0,0.0348
4234.0,0.0,4234.0,0.0232
4235.0,0.0,4235.0,0.0232
4236.0,0.0,4236.0,0.0232
4237.0,0.521,4237.0,0.0
4238.0,0.0,4238.0,0.0232
4239.0,0.0,4239.0,0.0927
4240.0,0.0,4240.0,0.0463
4241.0,0.0,4241.0,0.0348
4242.0,0.0,4242.0,0.0116
4243.0,0.0,4243.0,0.0463
4244.0,0.0,4244.0,0.0232
4245.0,0.0,4245.0,0.0232
4246.0,0.0,4246.0,0.0348
4247.0,0.0,4247.0,0.0232
4248.0,0.0,4248.0,0.0463
4249.0,0.0,4249.0,0.0348
4250.0,0.0,4250.0,0.0348
4251.0,0.0,4251.0,0.0463
4252.0,0.0,4252.0,0.0348
4253.0,0.521,4253.0,0.0232
4254.0,0.0,4254.0,0.0811
4255.0,0.0,4255.0,0.0232
4256.0,0.0,4256.0,0.0232
4257.0,0.0,4257.0,0.0232
4258.0,0.0,4258.0,0.0116
4259.0,0.0,4259.0,0.0232
4260.0,0.0,4260.0,0.0348
4261.0,0.0,4261.0,0.0348
4262.0,0.0,4262.0,0.0348
4263.0,0.0,4263.0,0.0232
4264.0,0.0,4264.0,0.0348
4265.0,0.0,4265.0,0.0348
4266.0,0.0,4266.0,0.0232
4267.0,0.0,4267.0,0.0348
4268.0,0.0,4268.0,0.0116
4269.0,0.0,4269.0,0.0579
4270.0,0.0,4270.0,0.0348
4271.0,0.0,4271.0,0.0348
4272.0,0.521,4272.0,0.0116
4273.0,0.0,4273.0,0.0348
4274.0,0.0,4274.0,0.0232
4275.0,0.0,4275.0,0.0232
4276.0,0.0,4276.0,0.0348
4277.0,0.0,4277.0,0.0348
4278.0,0.0,4278.0,0.0348
4279.0,0.0,4279.0,0.0348
4280.0,0.0,4280.0,0.0348
4281.0,0.0,4281.0,0.0348
4282.0,0.0,4282.0,0.0348
4283.0,0.0,4283.0,0.0579
4284.0,0.0,4284.0,0.0116
4285.0,0.0,4285.0,0.0463
4286.0,0.521,4286.0,0.0116
4287.0,0.0,4287.0,0.0348
4288.0,0.0,4288.0,0.0463
4289.0,0.0,4289.0,0.0232
4290.0,0.0,4290.0,0.0348
4291.0,0.0,4291.0,0.0348
4292.0,0.0,4292.0,0.0348
4293.0,0.0,4293.0,0.0232
4294.0,0.0,4294.0,0.0116
4295.0,0.0,4295.0,0.0348
4296.0,0.0,4296.0,0.0232
4297.0,0.0,4297.0,0.0348
4298.0,0.0,4298.0,0.0348
4299.0,0.0,4299.0,0.0348
4300.0,0.0,4300.0,0.0232
4301.0,0.0,4301.0,0.0116
4302.0,0.0,4302.0,0.0463
4303.0,0.0,4303.0,0.0463
4304.0,0.521,4304.0,0.0463
4305.0,0.0,4305.0,0.0348
4306.0,0.0,4306.0,0.0348
4307.0,0.0,4307.0,0.0348
4308.0,0.0,4308.0,0.0232
4309.0,0.0,4309.0,0.0348
4310.0,0.0,4310.0,0.0232
4311.0,0.0,4311.0,0.0348
4312.0,0.0,4312.0,0.0232
4313.0,0.0,4313.0,0.0348
4314.0,0.0,4314.0,0.0232
4315.0,0.0,4315.0,0.0116
4316.0,0.0,4316.0,0.0232
4317.0,0.0,4317.0,0.0232
4318.0,0.0,4318.0,0.0
4319.0,0.0,4319.0,0.0232
4320.0,0.0,4320.0,0.0232
4321.0,0.521,4321.0,0.0463
4322.0,0.0,4322.0,0.0579
4323.0,0.0,4323.0,0.0348
4324.0,0.0,4324.0,0.0463
4325.0,0.0,4325.0,0.0232
4326.0,0.0,4326.0,0.0348
4327.0,0.0,4327.0,0.0232
4328.0,0.0,4328.0,0.0348
4329.0,0.0,4329.0,0.0348
4330.0,0.0,4330.0,0.0232
4331.0,0.0,4331.0,0.0116
4332.0,0.0,4332.0,0.0232
4333.0,0.0,4333.0,0.0348
4334.0,0.0,4334.0,0.0463
4335.0,0.0,4335.0,0.0348
4336.0,0.0,4336.0,0.0348
4337.0,0.0,4337.0,0.0232
4338.0,0.521,4338.0,0.0579
4339.0,0.0,4339.0,0.0348
4340.0,0.0,4340.0,0.0232
4341.0,0.0,4341.0,0.0232
4342.0,0.0,4342.0,0.0232
4343.0,0.0,4343.0,0.0232
4344.0,0.0,4344.0,0.0348
4345.0,0.0,4345.0,0.0116
4346.0,0.0,4346.0,0.0348
4347.0,0.0,4347.0,0.0348
4348.0,0.0,4348.0,0.0348
4349.0,0.0,4349.0,0.0232
4350.0,0.0,4350.0,0.0463
4351.0,0.0,4351.0,0.0695
4352.0,0.0,4352.0,0.0348
4353.0,0.521,4353.0,0.0232
4354.0,0.0,4354.0,0.0348
4355.0,0.0,4355.0,0.0348
4356.0,0.0,4356.0,0.0348
4357.0,0.0,4357.0,0.0232
4358.0,0.0,4358.0,0.0463
4359.0,0.0,4359.0,0.0348
4360.0,0.0,4360.0,0.0348
4361.0,0.0,4361.0,0.0463
4362.0,0.0,4362.0,0.0348
4363.0,0.0,4363.0,0.0348
4364.0,0.0,4364.0,0.0811
4365.0,0.0,4365.0,0.0579
4366.0,0.521,4366.0,0.0348
4367.0,0.0,4367.0,0.0348
4368.0,0.0,4368.0,0.0463
4369.0,0.0,4369.0,0.0232
4370.0,0.0,4370.0,0.0463
4371.0,0.0,4371.0,0.0232
4372.0,0.0,4372.0,0.0463
4373.0,0.0,4373.0,0.0232
4374.0,0.0,4374.0,0.0463
4375.0,0.0,4375.0,0.0232
4376.0,0.0,4376.0,0.0463
4377.0,0.0,4377.0,0.0232
4378.0,0.0,4378.0,0.0348
4379.0,0.0,4379.0,0.0579
4380.0,0.0,4380.0,0.0695
4381.0,0.521,4381.0,0.0348
4382.0,0.0,4382.0,0.0348
4383.0,0.0,4383.0,0.0579
4384.0,0.0,4384.0,0.0348
4385.0,0.0,4385.0,0.0232
4386.0,0.0,4386.0,0.0348
4387.0,0.0,4387.0,0.0348
4388.0,0.0,4388.0,0.0116
4389.0,0.0,4389.0,0.0348
4390.0,0.0,4390.0,0.0232
4391.0,0.0,4391.0,0.0463
4392.0,0.0,4392.0,0.0116
4393.0,0.0,4393.0,0.0232
4394.0,0.0,4394.0,0.0463
4395.0,0.0,4395.0,0.0463
4396.0,0.521,4396.0,0.0579
4397.0,0.0,4397.0,0.0579
4398.0,0.0,4398.0,0.0463
4399.0,0.0,4399.0,0.0463
4400.0,0.0,4400.0,0.0348
4401.0,0.0,4401.0,0.0348
4402.0,0.0,4402.0,0.0348
4403.0,0.0,4403.0,0.0232
4404.0,0.0,4404.0,0.0348
4405.0,0.0,4405.0,0.0463
4406.0,0.0,4406.0,0.0116
4407.0,0.0,4407.0,0.0232
4408.0,0.0,4408.0,0.0232
4409.0,0.521,4409.0,0.0348
4410.0,0.0,4410.0,0.0348
4411.0,0.0,4411.0,0.0348
4412.0,0.0,4412.0,0.0579
4413.0,0.0,4413.0,0.0463
4414.0,0.0,4414.0,0.0348
4415.0,0.0,4415.0,0.0232
4416.0,0.0,4416.0,0.0348
4417.0,0.0,4417.0,0.0348
4418.0,0.0,4418.0,0.0116
4419.0,0.0,4419.0,0.0463
4420.0,0.0,4420.0,0.0232
4421.0,0.0,4421.0,0.0232
4422.0,0.0,4422.0,0.0232
4423.0,0.0,4423.0,0.0232
4424.0,0.0,4424.0,0.0579
4425.0,0.0,4425.0,0.0116
4426.0,0.521,4426.0,0.0348
4427.0,0.0,4427.0,0.0695
4428.0,0.0,4428.0,0.0348
4429.0,0.0,4429.0,0.0348
4430.0,0.0,4430.0,0.0348
4431.0,0.0,4431.0,0.0348
4432.0,0.0,4432.0,0.0463
4433.0,0.0,4433.0,0.0232
4434.0,0.0,4434.0,0.0348
4435.0,0.0,4435.0,0.0579
4436.0,0.0,4436.0,0.0232
4437.0,0.0,4437.0,0.0232
4438.0,0.0,4438.0,0.0463
4439.0,0.0,4439.0,0.0232
4440.0,0.521,4440.0,0.0463
4441.0,0.0,4441.0,0.0348
4442.0,0.0,4442.0,0.0463
4443.0,0.0,4443.0,0.0348
4444.0,0.0,4444.0,0.0232
4445.0,0.0,4445.0,0.0348
4446.0,0.0,4446.0,0.0348
4447.0,0.0,4447.0,0.0348
4448.0,0.0,4448.0,0.0463
4449.0,0.0,4449.0,0.0463
4450.0,0.0,4450.0,0.0348
4451.0,0.0,4451.0,0.0348
4452.0,0.0,4452.0,0.0463
4453.0,0.0,4453.0,0.0463
4454.0,0.521,4454.0,0.0579
4455.0,0.0,4455.0,0.0116
4456.0,0.0,4456.0,0.0463
4457.0,0.0,4457.0,0.0232
4458.0,0.0,4458.0,0.0348
4459.0,0.0,4459.0,0.0463
4460.0,0.0,4460.0,0.0463
4461.0,0.0,4461.0,0.0463
4462.0,0.0,4462.0,0.0463
4463.0,0.0,4463.0,0.0463
4464.0,0.0,4464.0,0.0348
4465.0,0.0,4465.0,0.0348
4466.0,0.0,4466.0,0.0463
4467.0,0.0,4467.0,0.0463
4468.0,0.521,4468.0,0.0463
4469.0,0.0,4469.0,0.0463
4470.0,0.0,4470.0,0.0348
4471.0,0.0,4471.0,0.0
4472.0,0.0,4472.0,0.0348
4473.0,0.0,4473.0,0.0116
4474.0,0.0,4474.0,0.0348
4475.0,0.0,4475.0,0.0232
4476.0,0.0,4476.0,0.0348
4477.0,0.0,4477.0,0.0348
4478.0,0.0,4478.0,0.0348
4479.0,0.0,4479.0,0.0463
4480.0,0.0,4480.0,0.0348
4481.0,0.0,4481.0,0.0463
4482.0,0.0,4482.0,0.0579
4483.0,0.521,4483.0,0.0579
4484.0,0.0,4484.0,0.0232
4485.0,0.0,4485.0,0.0348
4486.0,0.0,4486.0,0.0348
4487.0,0.0,4487.0,0.0348
4488.0,0.0,4488.0,0.0463
4489.0,0.0,4489.0,0.0
4490.0,0.0,4490.0,0.0116
4491.0,0.0,4491.0,0.0348
4492.0,0.0,4492.0,0.0348
4493.0,0.0,4493.0,0.0232
4494.0,0.0,4494.0,0.0348
4495.0,0.0,4495.0,0.0232
4496.0,0.0,4496.0,0.0463
4497.0,0.0,4497.0,0.0463
4498.0,0.0,4498.0,0.0463
4499.0,0.521,4499.0,0.0463
4500.0,0.0,4500.0,0.0348
4501.0,0.0,4501.0,0.0463
4502.0,0.0,4502.0,0.0579
4503.0,0.0,4503.0,0.0463
4504.0,0.0,4504.0,0.0348
4505.0,0.0,4505.0,0.0579
4506.0,0.0,4506.0,0.0
4507.0,0.0,4507.0,0.0232
4508.0,0.0,4508.0,0.0232
4509.0,0.0,4509.0,0.0
4510.0,0.0,4510.0,0.0348
4511.0,0.0,4511.0,0.0348
4512.0,0.0,4512.0,0.0463
4513.0,0.0,4513.0,0.0348
4514.0,0.521,4514.0,0.0579
4515.0,0.0,4515.0,0.0463
4516.0,0.0,4516.0,0.0579
4517.0,0.0,4517.0,0.0463
4518.0,0.0,4518.0,0.0232
4519.0,0.0,4519.0,0.0232
4520.0,0.0,4520.0,0.0348
4521.0,0.0,4521.0,0.0348
4522.0,0.0,4522.0,0.0463
4523.0,0.0,4523.0,0.0695
4524.0,0.0,4524.0,0.0695
4525.0,0.521,4525.0,0.0
4526.0,0.0,4526.0,0.0463
4527.0,0.0,4527.0,0.0
4528.0,0.0,4528.0,0.0
4529.0,0.0,4529.0,0.0579
4530.0,0.0,4530.0,0.0232
4531.0,0.0,4531.0,0.0463
4532.0,0.0,4532.0,0.0232
4533.0,0.0,4533.0,0.0348
4534.0,0.0,4534.0,0.0348
4535.0,0.0,4535.0,0.0232
4536.0,0.0,4536.0,0.0232
4537.0,0.0,4537.0,0.0348
4538.0,0.0,4538.0,0.0232
4539.0,0.0,4539.0,0.0232
4540.0,0.0,4540.0,0.0463
4541.0,0.0,4541.0,0.0579
4542.0,0.521,4542.0,0.0348
4543.0,0.0,4543.0,0.0116
4544.0,0.0,4544.0,0.0463
4545.0,0.0,4545.0,0.0348
4546.0,0.0,4546.0,0.0348
4547.0,0.0,4547.0,0.0348
4548.0,0.0,4548.0,0.0232
4549.0,0.0,4549.0,0.0232
4550.0,0.0,4550.0,0.0232
4551.0,0.0,4551.0,0.0348
4552.0,0.0,4552.0,0.0232
4553.0,0.0,4553.0,0.0232
4554.0,0.0,4554.0,0.0348
4555.0,0.0,4555.0,0.0232
4556.0,0.0,4556.0,0.0
4557.0,0.0,4557.0,0.0463
4558.0,0.0,4558.0,0.0232
4559.0,0.521,4559.0,0.0348
4560.0,0.0,4560.0,0.0116
4561.0,0.0,4561.0,0.0463
4562.0,0.0,4562.0,0.0232
4563.0,0.0,4563.0,0.0348
4564.0,0.0,4564.0,0.0348
4565.0,0.0,4565.0,0.0348
4566.0,0.0,4566.0,0.0232
4567.0,0.0,4567.0,0.0348
4568.0,0.0,4568.0,0.0232
4569.0,0.0,4569.0,0.0348
4570.0,0.0,4570.0,0.0348
4571.0,0.0,4571.0,0.0232
4572.0,0.0,4572.0,0.0463
4573.0,0.0,4573.0,0.0579
4574.0,0.0,4574.0,0.0348
4575.0,0.521,4575.0,0.0232
4576.0,0.0,4576.0,0.0116
4577.0,0.0,4577.0,0.0348
4578.0,0.0,4578.0,0.0348
4579.0,0.0,4579.0,0.0348
4580.0,0.0,4580.0,0.0348
4581.0,0.0,4581.0,0.0348
4582.0,0.0,4582.0,0.0348
4583.0,0.0,4583.0,0.0232
4584.0,0.0,4584.0,0.0348
4585.0,0.0,4585.0,0.0116
4586.0,0.0,4586.0,0.0348
4587.0,0.0,4587.0,0.0348
4588.0,0.0,4588.0,0.0579
4589.0,0.0,4589.0,0.0348
4590.0,0.0,4590.0,0.0232
4591.0,0.521,4591.0,0.0463
4592.0,0.0,4592.0,0.0
4593.0,0.0,4593.0,0.0463
4594.0,0.0,4594.0,0.0116
4595.0,0.0,4595.0,0.0232
4596.0,0.0,4596.0,0.0348
4597.0,0.0,4597.0,0.0232
4598.0,0.0,4598.0,0.0348
4599.0,0.0,4599.0,0.0232
4600.0,0.0,4600.0,0.0232
4601.0,0.0,4601.0,0.0232
4602.0,0.0,4602.0,0.0348
4603.0,0.0,4603.0,0.0348
4604.0,0.0,4604.0,0.0348
4605.0,0.0,4605.0,0.0463
4606.0,0.0,4606.0,0.0579
4607.0,0.0,4607.0,0.0348
4608.0,0.521,4608.0,0.0116
4609.0,0.0,4609.0,0.0232
4610.0,0.0,4610.0,0.0232
4611.0,0.0,4611.0,0.0348
4612.0,0.0,4612.0,0.0232
4613.0,0.0,4613.0,0.0232
4614.0,0.0,4614.0,0.0348
4615.0,0.0,4615.0,0.0232
4616.0,0.0,4616.0,0.0348
4617.0,0.0,4617.0,0.0348
4618.0,0.0,4618.0,0.0463
4619.0,0.0,4619.0,0.0348
4620.0,0.0,4620.0,0.0348
4621.0,0.0,4621.0,0.0463
4622.0,0.0,4622.0,0.0927
4623.0,0.521,4623.0,0.0348
4624.0,0.0,4624.0,0.0232
4625.0,0.0,4625.0,0.0116
4626.0,0.0,4626.0,0.0463
4627.0,0.0,4627.0,0.0232
4628.0,0.0,4628.0,0.0348
4629.0,0.0,4629.0,0.0348
4630.0,0.0,4630.0,0.0348
4631.0,0.0,4631.0,0.0232
4632.0,0.0,4632.0,0.0348
4633.0,0.0,4633.0,0.0348
4634.0,0.0,4634.0,0.0579
4635.0,0.0,4635.0,0.0463
4636.0,0.0,4636.0,0.0463
4637.0,0.521,4637.0,0.0463
4638.0,0.0,4638.0,0.0348
4639.0,0.0,4639.0,0.0348
4640.0,0.0,4640.0,0.0116
4641.0,0.0,4641.0,0.0348
4642.0,0.0,4642.0,0.0463
4643.0,0.0,4643.0,0.0232
4644.0,0.0,4644.0,0.0463
4645.0,0.0,4645.0,0.0348
4646.0,0.0,4646.0,0.0348
4647.0,0.0,4647.0,0.0463
4648.0,0.0,4648.0,0.0463
4649.0,0.0,4649.0,0.0579
4650.0,0.0,4650.0,0.0463
4651.0,0.521,4651.0,0.0463
4652.0,0.0,4652.0,0.0232
4653.0,0.0,4653.0,0.0348
4654.0,0.0,4654.0,0.0348
4655.0,0.0,4655.0,0.0348
4656.0,0.0,4656.0,0.0232
4657.0,0.0,4657.0,0.0232
4658.0,0.0,4658.0,0.0348
4659.0,0.0,4659.0,0.0348
4660.0,0.0,4660.0,0.0232
4661.0,0.0,4661.0,0.0579
4662.0,0.0,4662.0,0.0232
4663.0,0.0,4663.0,0.0579
4664.0,0.0,4664.0,0.0463
4665.0,0.0,4665.0,0.0348
4666.0,0.521,4666.0,0.0348
4667.0,0.0,4667.0,0.0348
4668.0,0.0,4668.0,0.0463
4669.0,0.0,4669.0,0.0348
4670.0,0.0,4670.0,0.0348
4671.0,0.0,4671.0,0.0348
4672.0,0.0,4672.0,0.0348
4673.0,0.0,4673.0,0.0232
4674.0,0.0,4674.0,0.0463
4675.0,0.0,4675.0,0.0463
4676.0,0.0,4676.0,0.0348
4677.0,0.0,4677.0,0.0348
4678.0,0.0,4678.0,0.0463
4679.0,0.0,4679.0,0.0348
4680.0,0.0,4680.0,0.0348
4681.0,0.521,4681.0,0.0463
4682.0,0.0,4682.0,0.0348
4683.0,0.0,4683.0,0.0463
4684.0,0.0,4684.0,0.0348
4685.0,0.0,4685.0,0.0348
4686.0,0.0,4686.0,0.0232
4687.0,0.0,4687.0,0.0348
4688.0,0.0,4688.0,0.0348
4689.0,0.0,4689.0,0.0579
4690.0,0.0,4690.0,0.0579
4691.0,0.0,4691.0,0.0232
4692.0,0.0,4692.0,0.0463
4693.0,0.521,4693.0,0.0463
4694.0,0.0,4694.0,0.0348
4695.0,0.0,4695.0,0.0348
4696.0,0.0,4696.0,0.0463
4697.0,0.0,4697.0,0.0463
4698.0,0.0,4698.0,0.0232
4699.0,0.0,4699.0,0.0348
4700.0,0.0,4700.0,0.0348
4701.0,0.0,4701.0,0.0463
4702.0,0.0,4702.0,0.0579
4703.0,0.0,4703.0,0.0463
4704.0,0.0,4704.0,0.0463
4705.0,0.0,4705.0,0.0927
4706.0,0.521,4706.0,0.0579
4707.0,0.0,4707.0,0.0348
4708.0,0.0,4708.0,0.0348
4709.0,0.0,4709.0,0.0463
4710.0,0.0,4710.0,0.0348
4711.0,0.0,4711.0,0.0348
4712.0,0.0,4712.0,0.0348
4713.0,0.0,4713.0,0.0232
4714.0,0.0,4714.0,0.0579
4715.0,0.0,4715.0,0.0348
4716.0,0.0,4716.0,0.0579
4717.0,0.0,4717.0,0.0348
4718.0,0.521,4718.0,0.0463
4719.0,0.0,4719.0,0.0579
4720.0,0.0,4720.0,0.0463
4721.0,0.0,4721.0,0.0463
4722.0,0.0,4722.0,0.0348
4723.0,0.0,4723.0,0.0463
4724.0,0.0,4724.0,0.0348
4725.0,0.0,4725.0,0.0348
4726.0,0.0,4726.0,0.0232
4727.0,0.0,4727.0,0.0463
4728.0,0.0,4728.0,0.0232
4729.0,0.0,4729.0,0.0348
4730.0,0.0,4730.0,0.0463
4731.0,0.521,4731.0,0.0232
4732.0,0.0,4732.0,0.0463
4733.0,0.0,4733.0,0.0463
4734.0,0.0,4734.0,0.0463
4735.0,0.0,4735.0,0.0348
4736.0,0.0,4736.0,0.0348
4737.0,0.0,4737.0,0.0348
4738.0,0.0,4738.0,0.0348
4739.0,0.0,4739.0,0.0232
4740.0,0.0,4740.0,0.0348
4741.0,0.0,4741.0,0.0348
4742.0,0.0,4742.0,0.0463
4743.0,0.0,4743.0,0.0232
4744.0,0.0,4744.0,0.0463
4745.0,0.521,4745.0,0.0463
4746.0,0.0,4746.0,0.0348
4747.0,0.0,4747.0,0.0463
4748.0,0.0,4748.0,0.0463
4749.0,0.0,4749.0,0.0348
4750.0,0.0,4750.0,0.0348
4751.0,0.0,4751.0,0.0348
4752.0,0.0,4752.0,0.0463
4753.0,0.0,4753.0,0.0348
4754.0,0.0,4754.0,0.0463
4755.0,0.0,4755.0,0.0348
4756.0,0.0,4756.0,0.0232
4757.0,0.0,4757.0,0.0348
4758.0,0.0,4758.0,0.0348
4759.0,0.521,4759.0,0.0348
4760.0,0.0,4760.0,0.0348
4761.0,0.0,4761.0,0.0695
4762.0,0.0,4762.0,0.0348
4763.0,0.0,4763.0,0.0348
4764.0,0.0,4764.0,0.0348
4765.0,0.0,4765.0,0.0463
4766.0,0.0,4766.0,0.0348
4767.0,0.0,4767.0,0.0348
4768.0,0.0,4768.0,0.0348
4769.0,0.0,4769.0,0.0348
4770.0,0.0,4770.0,0.0463
4771.0,0.0,4771.0,0.0348
4772.0,0.0,4772.0,0.0463
4773.0,0.521,4773.0,0.0348
4774.0,0.0,4774.0,0.0463
4775.0,0.0,4775.0,0.0695
4776.0,0.0,4776.0,0.0463
4777.0,0.0,4777.0,0.0348
4778.0,0.0,4778.0,0.0348
4779.0,0.0,4779.0,0.0463
4780.0,0.0,4780.0,0.0348
4781.0,0.0,4781.0,0.0463
4782.0,0.0,4782.0,0.0232
4783.0,0.0,4783.0,0.0579
4784.0,0.0,4784.0,0.0579
4785.0,0.521,4785.0,0.0348
4786.0,0.0,4786.0,0.0579
4787.0,0.0,4787.0,0.0348
4788.0,0.0,4788.0,0.0695
4789.0,0.0,4789.0,0.0463
4790.0,0.0,4790.0,0.0348
4791.0,0.0,4791.0,0.0463
4792.0,0.0,4792.0,0.0348
4793.0,0.0,4793.0,0.0463
4794.0,0.0,4794.0,0.0348
4795.0,0.521,4795.0,0.0463
4796.0,0.0,4796.0,0.0232
4797.0,0.0,4797.0,0.0232
4798.0,0.0,4798.0,0.0463
4799.0,0.0,4799.0,0.0232
4800.0,0.0,4800.0,0.0348
4801.0,0.0,4801.0,0.0463
4802.0,0.0,4802.0,0.0463
4803.0,0.0,4803.0,0.0463
4804.0,0.0,4804.0,0.0463
4805.0,0.0,4805.0,0.0348
4806.0,0.0,4806.0,0.0348
4807.0,0.0,4807.0,0.0463
4808.0,0.0,4808.0,0.0348
4809.0,0.0,4809.0,0.0348
4810.0,0.521,4810.0,0.0579
4811.0,0.0,4811.0,0.0463
4812.0,0.0,4812.0,0.0232
4813.0,0.0,4813.0,0.0348
4814.0,0.0,4814.0,0.0348
4815.0,0.0,4815.0,0.0348
4816.0,0.0,4816.0,0.0232
4817.0,0.0,4817.0,0.0463
4818.0,0.0,4818.0,0.0348
4819.0,0.0,4819.0,0.0348
4820.0,0.0,4820.0,0.0348
4821.0,0.0,4821.0,0.0463
4822.0,0.0,4822.0,0.0232
4823.0,0.0,4823.0,0.0463
4824.0,0.0,4824.0,0.0463
4825.0,0.521,4825.0,0.0348
4826.0,0.0,4826.0,0.0348
4827.0,0.0,4827.0,0.0463
4828.0,0.0,4828.0,0.104
4829.0,0.0,4829.0,0.0463
4830.0,0.0,4830.0,0.0463
4831.0,0.0,4831.0,0.0348
4832.0,0.0,4832.0,0.0348
4833.0,0.0,4833.0,0.0463
4834.0,0.0,4834.0,0.0232
4835.0,0.0,4835.0,0.0463
4836.0,0.521,4836.0,0.0116
4837.0,0.0,4837.0,0.0463
4838.0,0.0,4838.0,0.0348
4839.0,0.0,4839.0,0.0348
4840.0,0.0,4840.0,0.0232
4841.0,0.0,4841.0,0.0463
4842.0,0.0,4842.0,0.0232
4843.0,0.0,4843.0,0.0579
4844.0,0.0,4844.0,0.0579
4845.0,0.0,4845.0,0.0463
4846.0,0.0,4846.0,0.0463
4847.0,0.0,4847.0,0.0348
4848.0,0.521,4848.0,0.0463
4849.0,0.0,4849.0,0.0463
4850.0,0.0,4850.0,0.0463
4851.0,0.0,4851.0,0.0463
4852.0,0.0,4852.0,0.0463
4853.0,0.0,4853.0,0.0232
4854.0,0.0,4854.0,0.0579
4855.0,0.0,4855.0,0.0348
4856.0,0.0,4856.0,0.0348
4857.0,0.0,4857.0,0.0463
4858.0,0.0,4858.0,0.0579
4859.0,0.0,4859.0,0.0579
4860.0,0.521,4860.0,0.0463
4861.0,0.0,4861.0,0.0463
4862.0,0.0,4862.0,0.0463
4863.0,0.0,4863.0,0.0463
4864.0,0.0,4864.0,0.0463
4865.0,0.0,4865.0,0.0348
4866.0,0.0,4866.0,0.0463
4867.0,0.0,4867.0,0.0463
4868.0,0.0,4868.0,0.0463
4869.0,0.0,4869.0,0.0348
4870.0,0.0,4870.0,0.0579
4871.0,0.521,4871.0,0.0579
4872.0,0.0,4872.0,0.0463
4873.0,0.0,4873.0,0.0463
4874.0,0.0,4874.0,0.0348
4875.0,0.0,4875.0,0.0463
4876.0,0.0,4876.0,0.0463
4877.0,0.0,4877.0,0.0463
4878.0,0.0,4878.0,0.0463
4879.0,0.0,4879.0,0.0348
4880.0,0.0,4880.0,0.0579
4881.0,0.0,4881.0,0.0232
4882.0,0.0,4882.0,0.0348
4883.0,0.0,4883.0,0.0579
4884.0,0.521,4884.0,0.0232
4885.0,0.0,4885.0,0.0348
4886.0,0.0,4886.0,0.0579
4887.0,0.0,4887.0,0.0348
4888.0,0.0,4888.0,0.0348
4889.0,0.0,4889.0,0.0348
4890.0,0.0,4890.0,0.0348
4891.0,0.0,4891.0,0.0463
4892.0,0.0,4892.0,0.0579
4893.0,0.0,4893.0,0.0463
4894.0,0.0,4894.0,0.0463
4895.0,0.0,4895.0,0.0463
4896.0,0.0,4896.0,0.0579
4897.0,0.521,4897.0,0.0232
4898.0,0.0,4898.0,0.0463
4899.0,0.0,4899.0,0.0579
4900.0,0.0,4900.0,0.0579
4901.0,0.0,4901.0,0.0348
4902.0,0.0,4902.0,0.0348
4903.0,0.0,4903.0,0.0348
4904.0,0.0,4904.0,0.0348
4905.0,0.0,4905.0,0.0579
4906.0,0.0,4906.0,0.0348
4907.0,0.0,4907.0,0.0348
4908.0,0.0,4908.0,0.0579
4909.0,0.521,4909.0,0.0463
4910.0,0.0,4910.0,0.0348
4911.0,0.0,4911.0,0.0463
4912.0,0.0,4912.0,0.0348
4913.0,0.0,4913.0,0.0463
4914.0,0.0,4914.0,0.0579
4915.0,0.0,4915.0,0.0348
4916.0,0.0,4916.0,0.0232
4917.0,0.0,4917.0,0.0348
4918.0,0.0,4918.0,0.0348
4919.0,0.0,4919.0,0.0348
4920.0,0.0,4920.0,0.0463
4921.0,0.0,4921.0,0.0463
4922.0,0.521,4922.0,0.0348
4923.0,0.0,4923.0,0.0463
4924.0,0.0,4924.0,0.0348
4925.0,0.0,4925.0,0.0348
4926.0,0.0,4926.0,0.0463
4927.0,0.0,4927.0,0.0695
4928.0,0.0,4928.0,0.0348
4929.0,0.0,4929.0,0.0463
4930.0,0.0,4930.0,0.0348
4931.0,0.0,4931.0,0.0348
4932.0,0.0,4932.0,0.0348
4933.0,0.521,4933.0,0.0463
4934.0,0.0,4934.0,0.0463
4935.0,0.0,4935.0,0.0463
4936.0,0.0,4936.0,0.0463
4937.0,0.0,4937.0,0.0232
4938.0,0.0,4938.0,0.0348
4939.0,0.0,4939.0,0.0579
4940.0,0.0,4940.0,0.0695
4941.0,0.0,4941.0,0.0463
4942.0,0.0,4942.0,0.0579
4943.0,0.0,4943.0,0.0463
4944.0,0.521,4944.0,0.0463
4945.0,0.0,4945.0,0.0348
4946.0,0.0,4946.0,0.0579
4947.0,0.0,4947.0,0.0579
4948.0,0.0,4948.0,0.0348
4949.0,0.0,4949.0,0.0579
4950.0,0.0,4950.0,0.0463
4951.0,0.0,4951.0,0.0348
4952.0,0.0,4952.0,0.0232
4953.0,0.0,4953.0,0.0811
4954.0,0.0,4954.0,0.0695
4955.0,0.521,4955.0,0.0579
4956.0,0.0,4956.0,0.0695
4957.0,0.0,4957.0,0.0695
4958.0,0.0,4958.0,0.0348
4959.0,0.0,4959.0,0.0579
4960.0,0.0,4960.0,0.0579
4961.0,0.0,4961.0,0.0463
4962.0,0.0,4962.0,0.0579
4963.0,0.0,4963.0,0.0579
4964.0,0.0,4964.0,0.0579
4965.0,0.0,4965.0,0.0811
4966.0,0.521,4966.0,0.0463
4967.0,0.0,4967.0,0.0348
4968.0,0.0,4968.0,0.0579
4969.0,0.0,4969.0,0.0579
4970.0,0.0,4970.0,0.0695
4971.0,0.0,4971.0,0.0579
4972.0,0.0,4972.0,0.0695
4973.0,0.0,4973.0,0.0463
4974.0,0.521,4974.0,0.0463
4975.0,0.0,4975.0,0.0579
4976.0,0.0,4976.0,0.0579
4977.0,0.0,4977.0,0.0695
4978.0,0.0,4978.0,0.0811
4979.0,0.0,4979.0,0.0579
4980.0,0.0,4980.0,0.0695
4981.0,0.521,4981.0,0.0116
4982.0,0.0,4982.0,0.0463
4983.0,0.0,4983.0,0.0463
4984.0,0.0,4984.0,0.0579
4985.0,0.0,4985.0,0.0695
4986.0,0.0,4986.0,0.0579
4987.0,0.0,4987.0,0.0811
4988.0,0.0,4988.0,0.0579
4989.0,0.0,4989.0,0.0348
4990.0,0.0,4990.0,0.0348
4991.0,0.0,4991.0,0.0463
4992.0,0.0,4992.0,0.0695
4993.0,0.0,4993.0,0.0695
4994.0,0.521,4994.0,0.0579
4995.0,0.0,4995.0,0.0579
4996.0,0.0,4996.0,0.0463
4997.0,0.0,4997.0,0.0463
4998.0,0.0,4998.0,0.0
4999.0,0.0,4999.0,0.0463
5000.0,0.0,5000.0,0.0348
5001.0,0.0,5001.0,0.0579
5002.0,0.0,5002.0,0.0579
5003.0,0.0,5003.0,0.0695
5004.0,0.0,5004.0,0.0579
5005.0,0.521,5005.0,0.0695
5006.0,0.0,5006.0,0.0579
5007.0,0.0,5007.0,0.0579
5008.0,0.0,5008.0,0.0579
5009.0,0.0,5009.0,0.0348
5010.0,0.0,5010.0,0.0463
5011.0,0.0,5011.0,0.0463
5012.0,0.0,5012.0,0.0695
5013.0,0.0,5013.0,0.0695
5014.0,0.521,5014.0,0.0811
5015.0,0.0,5015.0,0.0579
5016.0,0.0,5016.0,0.0463
5017.0,0.0,5017.0,0.0348
5018.0,0.0,5018.0,0.0927
5019.0,0.0,5019.0,0.0695
5020.0,0.0,5020.0,0.0579
5021.0,0.521,5021.0,0.0695
5022.0,0.0,5022.0,0.116
5023.0,0.0,5023.0,0.0695
5024.0,0.0,5024.0,0.0695
5025.0,0.0,5025.0,0.0579
5026.0,0.0,5026.0,0.0811
5027.0,0.0,5027.0,0.0927
5028.0,0.521,5028.0,0.0579
5029.0,0.0,5029.0,0.0695
5030.0,0.0,5030.0,0.0463
5031.0,0.0,5031.0,0.0
5032.0,0.0,5032.0,0.0463
5033.0,0.0,5033.0,0.0
5034.0,0.0,5034.0,0.0463
5035.0,0.0,5035.0,0.0811
5036.0,0.0,5036.0,0.0811
5037.0,0.0,5037.0,0.104
5038.0,0.0,5038.0,0.116
5039.0,0.521,5039.0,0.0695
5040.0,0.0,5040.0,0.0695
5041.0,0.0,5041.0,0.0695
5042.0,0.0,5042.0,0.0811
5043.0,0.0,5043.0,0.0927
5044.0,0.0,5044.0,0.139
5045.0,0.521,5045.0,0.116
5046.0,0.0,5046.0,0.127
5047.0,0.0,5047.0,0.0927
5048.0,0.0,5048.0,0.0927
5049.0,0.0,5049.0,0.0695
5050.0,0.0,5050.0,0.0811
5051.0,0.0,5051.0,0.0695
5052.0,0.0,5052.0,0.0579
5053.0,0.521,5053.0,0.104
5054.0,0.0,5054.0,0.162
5055.0,0.0,5055.0,0.151
5056.0,0.0,5056.0,0.139
5057.0,0.521,5057.0,0.22
5058.0,0.521,5058.0,0.0348
5059.0,0.0,5059.0,0.0463
5060.0,0.0,5060.0,0.0695
5061.0,0.0,5061.0,0.0927
5062.0,0.0,5062.0,0.104
5063.0,0.0,5063.0,0.0927
5064.0,0.0,5064.0,0.0695
5065.0,0.0,5065.0,0.0695
5066.0,0.0,5066.0,0.0695
5067.0,0.521,5067.0,0.0811
5068.0,0.0,5068.0,0.104
5069.0,0.0,5069.0,0.0927
5070.0,0.0,5070.0,0.139
5071.0,0.0,5071.0,0.127
5072.0,0.0,5072.0,0.0
5073.0,0.521,5073.0,0.0463
5074.0,0.0,5074.0,0.0695
5075.0,0.0,5075.0,0.104
5076.0,0.0,5076.0,0.0927
5077.0,0.521,5077.0,0.0927
5078.0,0.0,5078.0,0.0811
5079.0,0.0,5079.0,0.0811
5080.0,0.0,5080.0,0.0811
5081.0,0.0,5081.0,0.0811
5082.0,0.0,5082.0,0.0463
5083.0,0.0,5083.0,0.0695
5084.0,0.0,5084.0,0.0695
5085.0,0.521,5085.0,0.0695
5086.0,0.0,5086.0,0.0811
5087.0,0.0,5087.0,0.0927
5088.0,0.0,5088.0,0.0348
5089.0,0.0,5089.0,0.0695
5090.0,0.0,5090.0,0.151
5091.0,0.0,5091.0,0.162
5092.0,0.521,5092.0,0.151
5093.0,0.0,5093.0,0.185
5094.0,0.0,5094.0,0.162
5095.0,0.521,5095.0,0.139
5096.0,0.0,5096.0,0.104
5097.0,0.0,5097.0,0.127
5098.0,0.0,5098.0,0.139
5099.0,0.0,5099.0,0.0927
5100.0,0.521,5100.0,0.0927
5101.0,0.0,5101.0,0.116
5102.0,0.0,5102.0,0.116
5103.0,0.0,5103.0,0.0927
5104.0,0.521,5104.0,0.232
5105.0,0.0,5105.0,0.0116
5106.0,0.521,5106.0,0.0463
5107.0,0.0,5107.0,0.151
5108.0,0.0,5108.0,0.174
5109.0,0.0,5109.0,0.162
5110.0,0.0,5110.0,0.185
5111.0,0.0,5111.0,0.116
5112.0,0.0,5112.0,0.116
5113.0,0.0,5113.0,0.127
5114.0,0.521,5114.0,0.104
5115.0,0.0,5115.0,0.116
5116.0,0.0,5116.0,0.139
5117.0,0.521,5117.0,0.162
5118.0,0.0,5118.0,0.116
5119.0,0.0,5119.0,0.0927
5120.0,0.521,5120.0,0.0811
5121.0,0.0,5121.0,0.0
5122.0,0.0,5122.0,0.0348
5123.0,0.0,5123.0,0.0232
5124.0,0.0,5124.0,0.151
5125.0,0.0,5125.0,0.116
5126.0,0.0,5126.0,0.127
5127.0,0.0,5127.0,0.116
5128.0,0.521,5128.0,0.116
5129.0,0.0,5129.0,0.0927
5130.0,0.0,5130.0,0.104
5131.0,0.0,5131.0,0.104
5132.0,0.0,5132.0,0.0811
5133.0,0.0,5133.0,0.116
5134.0,0.521,5134.0,0.0927
5135.0,0.0,5135.0,0.0927
5136.0,0.0,5136.0,0.0927
5137.0,0.521,5137.0,0.0
5138.0,0.0,5138.0,0.0463
5139.0,0.0,5139.0,0.0695
5140.0,0.0,5140.0,0.127
5141.0,0.0,5141.0,0.127
5142.0,0.0,5142.0,0.151
5143.0,0.521,5143.0,0.116
5144.0,0.0,5144.0,0.104
5145.0,0.0,5145.0,0.127
5146.0,0.0,5146.0,0.116
5147.0,0.0,5147.0,0.0579
5148.0,0.0,5148.0,0.0811
5149.0,0.521,5149.0,0.0811
5150.0,0.0,5150.0,0.0695
5151.0,0.0,5151.0,0.0579
5152.0,0.0,5152.0,0.0695
5153.0,0.521,5153.0,0.0579
5154.0,0.0,5154.0,0.0
5155.0,0.0,5155.0,0.0116
5156.0,0.0,5156.0,0.104
5157.0,0.0,5157.0,0.174
5158.0,0.0,5158.0,0.174
5159.0,0.0,5159.0,0.185
5160.0,0.521,5160.0,0.116
5161.0,0.0,5161.0,0.104
5162.0,0.0,5162.0,0.0463
5163.0,0.0,5163.0,0.0811
5164.0,0.0,5164.0,0.0232
5165.0,0.0,5165.0,0.0579
5166.0,0.521,5166.0,0.0463
5167.0,0.0,5167.0,0.0348
5168.0,0.0,5168.0,0.0579
5169.0,0.0,5169.0,0.0463
5170.0,0.0,5170.0,0.0463
5171.0,0.0,5171.0,0.0
5172.0,0.0,5172.0,0.0
5173.0,0.0,5173.0,0.0232
5174.0,0.0,5174.0,0.0579
5175.0,0.0,5175.0,0.243
5176.0,0.0,5176.0,0.185
5177.0,0.521,5177.0,0.151
5178.0,0.0,5178.0,0.162
5179.0,0.0,5179.0,0.174
5180.0,0.0,5180.0,0.0463
5181.0,0.0,5181.0,0.0811
5182.0,0.521,5182.0,0.0811
5183.0,0.0,5183.0,0.0927
5184.0,0.0,5184.0,0.0695
5185.0,0.0,5185.0,0.0463
5186.0,0.0,5186.0,0.0927
5187.0,0.521,5187.0,0.0695
5188.0,0.0,5188.0,0.0579
5189.0,0.0,5189.0,0.0
5190.0,0.0,5190.0,0.0
5191.0,0.0,5191.0,0.0116
5192.0,0.0,5192.0,0.0579
5193.0,0.521,5193.0,0.151
5194.0,0.0,5194.0,0.174
5195.0,0.0,5195.0,0.162
5196.0,0.0,5196.0,0.139
5197.0,0.0,5197.0,0.116
5198.0,0.0,5198.0,0.127
5199.0,0.0,5199.0,0.116
5200.0,0.521,5200.0,0.0463
5201.0,0.0,5201.0,0.0927
5202.0,0.0,5202.0,0.0695
5203.0,0.0,5203.0,0.0927
5204.0,0.0,5204.0,0.0695
5205.0,0.521,5205.0,0.0695
5206.0,0.0,5206.0,0.0116
5207.0,0.0,5207.0,0.0
5208.0,0.0,5208.0,0.0348
5209.0,0.0,5209.0,0.0116
5210.0,0.0,5210.0,0.0927
5211.0,0.0,5211.0,0.151
5212.0,0.0,5212.0,0.104
5213.0,0.0,5213.0,0.116
5214.0,0.0,5214.0,0.116
5215.0,0.521,5215.0,0.127
5216.0,0.0,5216.0,0.0579
5217.0,0.0,5217.0,0.0927
5218.0,0.0,5218.0,0.0927
5219.0,0.0,5219.0,0.104
5220.0,0.0,5220.0,0.104
5221.0,0.521,5221.0,0.0927
5222.0,0.0,5222.0,0.0811
5223.0,0.0,5223.0,0.0
5224.0,0.521,5224.0,0.0
5225.0,0.0,5225.0,0.0463
5226.0,0.0,5226.0,0.0579
5227.0,0.0,5227.0,0.139
5228.0,0.0,5228.0,0.127
5229.0,0.0,5229.0,0.116
5230.0,0.0,5230.0,0.127
5231.0,0.0,5231.0,0.0811
5232.0,0.521,5232.0,0.0348
5233.0,0.0,5233.0,0.116
5234.0,0.0,5234.0,0.116
5235.0,0.0,5235.0,0.0579
5236.0,0.0,5236.0,0.0348
5237.0,0.521,5237.0,0.0695
5238.0,0.0,5238.0,0.104
5239.0,0.0,5239.0,0.104
5240.0,0.0,5240.0,0.0
5241.0,0.521,5241.0,0.0463
5242.0,0.0,5242.0,0.0116
5243.0,0.0,5243.0,0.0927
5244.0,0.0,5244.0,0.104
5245.0,0.0,5245.0,0.0927
5246.0,0.0,5246.0,0.0695
5247.0,0.0,5247.0,0.0579
5248.0,0.0,5248.0,0.0579
5249.0,0.0,5249.0,0.0579
5250.0,0.0,5250.0,0.0811
5251.0,0.0,5251.0,0.0463
5252.0,0.0,5252.0,0.0348
5253.0,0.521,5253.0,0.0348
5254.0,0.0,5254.0,0.0579
5255.0,0.0,5255.0,0.0463
5256.0,0.0,5256.0,0.0695
5257.0,0.0,5257.0,0.0463
5258.0,0.0,5258.0,0.0116
5259.0,0.521,5259.0,0.104
5260.0,0.0,5260.0,0.104
5261.0,0.0,5261.0,0.104
5262.0,0.0,5262.0,0.104
5263.0,0.0,5263.0,0.104
5264.0,0.0,5264.0,0.104
5265.0,0.0,5265.0,0.0811
5266.0,0.521,5266.0,0.0695
5267.0,0.0,5267.0,0.0232
5268.0,0.0,5268.0,0.0579
5269.0,0.0,5269.0,0.0463
5270.0,0.0,5270.0,0.0232
5271.0,0.0,5271.0,0.0695
5272.0,0.0,5272.0,0.0232
5273.0,0.0,5273.0,0.0
5274.0,0.0,5274.0,0.0116
5275.0,0.0,5275.0,0.0348
5276.0,0.0,5276.0,0.0116
5277.0,0.0,5277.0,0.116
5278.0,0.0,5278.0,0.104
5279.0,0.521,5279.0,0.104
5280.0,0.0,5280.0,0.116
5281.0,0.0,5281.0,0.0927
5282.0,0.0,5282.0,0.116
5283.0,0.0,5283.0,0.127
5284.0,0.0,5284.0,0.0811
5285.0,0.0,5285.0,0.0695
5286.0,0.0,5286.0,0.162
5287.0,0.0,5287.0,0.116
5288.0,0.0,5288.0,0.0579
5289.0,0.521,5289.0,0.0232
5290.0,0.0,5290.0,0.0463
5291.0,0.521,5291.0,0.0232
5292.0,0.0,5292.0,0.0
5293.0,0.0,5293.0,0.0
5294.0,0.0,5294.0,0.0
5295.0,0.0,5295.0,0.0463
5296.0,0.0,5296.0,0.0
5297.0,0.0,5297.0,0.0116
5298.0,0.0,5298.0,0.162
5299.0,0.0,5299.0,0.185
5300.0,0.0,5300.0,0.139
5301.0,0.0,5301.0,0.127
5302.0,0.0,5302.0,0.0927
5303.0,0.0,5303.0,0.104
5304.0,0.521,5304.0,0.151
5305.0,0.0,5305.0,0.127
5306.0,0.0,5306.0,0.0695
5307.0,0.0,5307.0,0.0811
5308.0,0.521,5308.0,0.0927
5309.0,0.0,5309.0,0.0695
5310.0,0.0,5310.0,0.0695
5311.0,0.521,5311.0,0.0695
5312.0,0.0,5312.0,0.0579
5313.0,0.0,5313.0,0.0579
5314.0,0.0,5314.0,0.0579
5315.0,0.521,5315.0,0.0
5316.0,0.0,5316.0,0.0
5317.0,0.0,5317.0,0.0
5318.0,0.0,5318.0,0.0
5319.0,0.0,5319.0,0.0463
5320.0,0.0,5320.0,0.116
5321.0,0.0,5321.0,0.116
5322.0,0.0,5322.0,0.116
5323.0,0.0,5323.0,0.104
5324.0,0.0,5324.0,0.0695
5325.0,0.0,5325.0,0.0695
5326.0,0.0,5326.0,0.0811
5327.0,0.0,5327.0,0.0811
5328.0,0.521,5328.0,0.0463
5329.0,0.0,5329.0,0.0695
5330.0,0.0,5330.0,0.0695
5331.0,0.0,5331.0,0.0695
5332.0,0.0,5332.0,0.0695
5333.0,0.521,5333.0,0.0579
5334.0,0.0,5334.0,0.0
5335.0,0.0,5335.0,0.0927
5336.0,0.0,5336.0,0.0811
5337.0,0.0,5337.0,0.0927
5338.0,0.0,5338.0,0.104
5339.0,0.0,5339.0,0.104
5340.0,0.0,5340.0,0.0927
5341.0,0.0,5341.0,0.116
5342.0,0.521,5342.0,0.0695
5343.0,0.0,5343.0,0.116
5344.0,0.0,5344.0,0.139
5345.0,0.0,5345.0,0.0927
5346.0,0.0,5346.0,0.0927
5347.0,0.521,5347.0,0.104
5348.0,0.0,5348.0,0.0463
5349.0,0.0,5349.0,0.0463
5350.0,0.0,5350.0,0.0927
5351.0,0.0,5351.0,0.104
5352.0,0.0,5352.0,0.116
5353.0,0.521,5353.0,0.0927
5354.0,0.0,5354.0,0.0811
5355.0,0.0,5355.0,0.104
5356.0,0.0,5356.0,0.116
5357.0,0.0,5357.0,0.104
5358.0,0.0,5358.0,0.0927
5359.0,0.521,5359.0,0.116
5360.0,0.0,5360.0,0.0695
5361.0,0.0,5361.0,0.0232
5362.0,0.521,5362.0,0.0695
5363.0,0.0,5363.0,0.104
5364.0,0.0,5364.0,0.0811
5365.0,0.0,5365.0,0.127
5366.0,0.0,5366.0,0.0811
5367.0,0.0,5367.0,0.0695
5368.0,0.0,5368.0,0.0927
5369.0,0.0,5369.0,0.0811
5370.0,0.521,5370.0,0.0927
5371.0,0.0,5371.0,0.104
5372.0,0.0,5372.0,0.0927
5373.0,0.0,5373.0,0.0927
5374.0,0.0,5374.0,0.0348
5375.0,0.0,5375.0,0.0463
5376.0,0.521,5376.0,0.0463
5377.0,0.0,5377.0,0.0811
5378.0,0.0,5378.0,0.0811
5379.0,0.0,5379.0,0.0811
5380.0,0.0,5380.0,0.0927
5381.0,0.0,5381.0,0.0927
5382.0,0.0,5382.0,0.0579
5383.0,0.0,5383.0,0.0927
5384.0,0.521,5384.0,0.0927
5385.0,0.0,5385.0,0.0811
5386.0,0.0,5386.0,0.104
5387.0,0.0,5387.0,0.0811
5388.0,0.0,5388.0,0.0
5389.0,0.0,5389.0,0.0463
5390.0,0.521,5390.0,0.0348
5391.0,0.0,5391.0,0.0695
5392.0,0.0,5392.0,0.0695
5393.0,0.0,5393.0,0.0927
5394.0,0.0,5394.0,0.104
5395.0,0.0,5395.0,0.0811
5396.0,0.0,5396.0,0.0695
5397.0,0.0,5397.0,0.0695
5398.0,0.0,5398.0,0.0927
5399.0,0.0,5399.0,0.0811
5400.0,0.521,5400.0,0.104
5401.0,0.0,5401.0,0.104
5402.0,0.0,5402.0,0.127
5403.0,0.0,5403.0,0.0116
5404.0,0.521,5404.0,0.0348
5405.0,0.0,5405.0,0.0579
5406.0,0.0,5406.0,0.0811
5407.0,0.0,5407.0,0.0811
5408.0,0.0,5408.0,0.0811
5409.0,0.0,5409.0,0.0927
5410.0,0.0,5410.0,0.0579
5411.0,0.0,5411.0,0.0463
5412.0,0.0,5412.0,0.0927
5413.0,0.0,5413.0,0.0579
5414.0,0.521,5414.0,0.0463
5415.0,0.0,5415.0,0.0695
5416.0,0.0,5416.0,0.0348
5417.0,0.0,5417.0,0.104
5418.0,0.521,5418.0,0.0927
5419.0,0.0,5419.0,0.0579
5420.0,0.0,5420.0,0.0579
5421.0,0.0,5421.0,0.0348
5422.0,0.0,5422.0,0.0232
5423.0,0.0,5423.0,0.0116
5424.0,0.0,5424.0,0.0463
5425.0,0.0,5425.0,0.0232
5426.0,0.0,5426.0,0.0116
5427.0,0.0,5427.0,0.0348
5428.0,0.0,5428.0,0.0232
5429.0,0.521,5429.0,0.0116
5430.0,0.0,5430.0,0.0232
5431.0,0.0,5431.0,0.127
5432.0,0.0,5432.0,0.0927
5433.0,0.0,5433.0,0.0695
5434.0,0.0,5434.0,0.0811
5435.0,0.0,5435.0,0.0695
5436.0,0.0,5436.0,0.0695
5437.0,0.0,5437.0,0.0348
5438.0,0.0,5438.0,0.0579
5439.0,0.0,5439.0,0.0463
5440.0,0.0,5440.0,0.0579
5441.0,0.521,5441.0,0.0232
5442.0,0.0,5442.0,0.0348
5443.0,0.0,5443.0,0.0579
5444.0,0.0,5444.0,0.0116
5445.0,0.0,5445.0,0.0348
5446.0,0.0,5446.0,0.0927
5447.0,0.0,5447.0,0.0811
5448.0,0.0,5448.0,0.0579
5449.0,0.521,5449.0,0.0927
5450.0,0.0,5450.0,0.0811
5451.0,0.0,5451.0,0.0811
5452.0,0.0,5452.0,0.0348
5453.0,0.0,5453.0,0.0695
5454.0,0.0,5454.0,0.0579
5455.0,0.0,5455.0,0.0348
5456.0,0.0,5456.0,0.0579
5457.0,0.0,5457.0,0.0232
5458.0,0.0,5458.0,0.0
5459.0,0.521,5459.0,0.0463
5460.0,0.0,5460.0,0.0579
5461.0,0.0,5461.0,0.0811
5462.0,0.0,5462.0,0.0927
5463.0,0.0,5463.0,0.0695
5464.0,0.0,5464.0,0.0811
5465.0,0.0,5465.0,0.0811
5466.0,0.0,5466.0,0.0811
5467.0,0.521,5467.0,0.0695
5468.0,0.0,5468.0,0.0695
5469.0,0.0,5469.0,0.0579
5470.0,0.0,5470.0,0.104
5471.0,0.0,5471.0,0.0116
5472.0,0.0,5472.0,0.0463
5473.0,0.0,5473.0,0.0116
5474.0,0.521,5474.0,0.0811
5475.0,0.0,5475.0,0.0695
5476.0,0.0,5476.0,0.0811
5477.0,0.0,5477.0,0.0463
5478.0,0.0,5478.0,0.0811
5479.0,0.0,5479.0,0.0463
5480.0,0.0,5480.0,0.0579
5481.0,0.0,5481.0,0.0348
5482.0,0.0,5482.0,0.0811
5483.0,0.0,5483.0,0.0463
5484.0,0.521,5484.0,0.0348
5485.0,0.0,5485.0,0.0232
5486.0,0.0,5486.0,0.0232
5487.0,0.0,5487.0,0.0579
5488.0,0.0,5488.0,0.0579
5489.0,0.0,5489.0,0.0579
5490.0,0.0,5490.0,0.0463
5491.0,0.0,5491.0,0.0695
5492.0,0.0,5492.0,0.0579
5493.0,0.0,5493.0,0.0695
5494.0,0.0,5494.0,0.0695
5495.0,0.521,5495.0,0.0927
5496.0,0.0,5496.0,0.0927
5497.0,0.0,5497.0,0.116
5498.0,0.0,5498.0,0.0232
5499.0,0.0,5499.0,0.0463
5500.0,0.521,5500.0,0.0116
5501.0,0.0,5501.0,0.0579
5502.0,0.0,5502.0,0.0579
5503.0,0.0,5503.0,0.0579
5504.0,0.0,5504.0,0.0579
5505.0,0.0,5505.0,0.0695
5506.0,0.0,5506.0,0.0695
5507.0,0.0,5507.0,0.0811
5508.0,0.0,5508.0,0.0579
5509.0,0.0,5509.0,0.0463
5510.0,0.0,5510.0,0.0811
5511.0,0.0,5511.0,0.116
5512.0,0.0,5512.0,0.0463
5513.0,0.521,5513.0,0.0
5514.0,0.0,5514.0,0.0
5515.0,0.0,5515.0,0.0463
5516.0,0.0,5516.0,0.0
5517.0,0.0,5517.0,0.0
5518.0,0.0,5518.0,0.0463
5519.0,0.0,5519.0,0.0579
5520.0,0.0,5520.0,0.0695
5521.0,0.0,5521.0,0.0695
5522.0,0.0,5522.0,0.0927
5523.0,0.0,5523.0,0.0811
5524.0,0.521,5524.0,0.0811
5525.0,0.0,5525.0,0.104
5526.0,0.0,5526.0,0.116
5527.0,0.0,5527.0,0.0695
5528.0,0.0,5528.0,0.0695
5529.0,0.0,5529.0,0.0811
5530.0,0.0,5530.0,0.0927
5531.0,0.0,5531.0,0.0695
5532.0,0.0,5532.0,0.0579
5533.0,0.0,5533.0,0.0579
5534.0,0.521,5534.0,0.0579
5535.0,0.0,5535.0,0.0348
5536.0,0.0,5536.0,0.0
5537.0,0.0,5537.0,0.0
5538.0,0.0,5538.0,0.0
5539.0,0.521,5539.0,0.0
5540.0,0.0,5540.0,0.0463
5541.0,0.0,5541.0,0.0463
5542.0,0.0,5542.0,0.104
5543.0,0.0,5543.0,0.0927
5544.0,0.0,5544.0,0.0927
5545.0,0.0,5545.0,0.116
5546.0,0.0,5546.0,0.0927
5547.0,0.0,5547.0,0.0695
5548.0,0.521,5548.0,0.0811
5549.0,0.0,5549.0,0.0695
5550.0,0.0,5550.0,0.0927
5551.0,0.0,5551.0,0.0695
5552.0,0.0,5552.0,0.0579
5553.0,0.0,5553.0,0.0579
5554.0,0.521,5554.0,0.0116
5555.0,0.0,5555.0,0.0
5556.0,0.0,5556.0,0.0463
5557.0,0.0,5557.0,0.0348
5558.0,0.0,5558.0,0.0811
5559.0,0.0,5559.0,0.0927
5560.0,0.0,5560.0,0.0695
5561.0,0.0,5561.0,0.0579
5562.0,0.0,5562.0,0.0579
5563.0,0.0,5563.0,0.0579
5564.0,0.0,5564.0,0.104
5565.0,0.0,5565.0,0.104
5566.0,0.0,5566.0,0.0811
5567.0,0.0,5567.0,0.0579
5568.0,0.521,5568.0,0.0811
5569.0,0.0,5569.0,0.104
5570.0,0.521,5570.0,0.0348
5571.0,0.0,5571.0,0.0
5572.0,0.0,5572.0,0.0463
5573.0,0.0,5573.0,0.0116
5574.0,0.0,5574.0,0.0695
5575.0,0.0,5575.0,0.0695
5576.0,0.0,5576.0,0.0927
5577.0,0.0,5577.0,0.0927
5578.0,0.0,5578.0,0.0927
5579.0,0.0,5579.0,0.0695
5580.0,0.0,5580.0,0.0579
5581.0,0.0,5581.0,0.0579
5582.0,0.0,5582.0,0.0579
5583.0,0.0,5583.0,0.0695
5584.0,0.521,5584.0,0.104
5585.0,0.0,5585.0,0.104
5586.0,0.521,5586.0,0.0116
5587.0,0.0,5587.0,0.0348
5588.0,0.0,5588.0,0.0116
5589.0,0.0,5589.0,0.0811
5590.0,0.0,5590.0,0.0695
5591.0,0.0,5591.0,0.0695
5592.0,0.0,5592.0,0.0811
5593.0,0.0,5593.0,0.0927
5594.0,0.0,5594.0,0.0927
5595.0,0.0,5595.0,0.0927
5596.0,0.0,5596.0,0.0927
5597.0,0.0,5597.0,0.0463
5598.0,0.0,5598.0,0.0695
5599.0,0.521,5599.0,0.104
5600.0,0.0,5600.0,0.0811
5601.0,0.521,5601.0,0.0
5602.0,0.0,5602.0,0.0
5603.0,0.0,5603.0,0.0463
5604.0,0.0,5604.0,0.0
5605.0,0.0,5605.0,0.0463
5606.0,0.0,5606.0,0.0579
5607.0,0.0,5607.0,0.0579
5608.0,0.0,5608.0,0.0695
5609.0,0.0,5609.0,0.0579
5610.0,0.0,5610.0,0.0695
5611.0,0.0,5611.0,0.116
5612.0,0.0,5612.0,0.151
5613.0,0.0,5613.0,0.0927
5614.0,0.0,5614.0,0.0927
5615.0,0.521,5615.0,0.0927
5616.0,0.0,5616.0,0.0695
5617.0,0.521,5617.0,0.0
5618.0,0.0,5618.0,0.0116
5619.0,0.0,5619.0,0.0348
5620.0,0.0,5620.0,0.0
5621.0,0.0,5621.0,0.0695
5622.0,0.0,5622.0,0.0927
5623.0,0.0,5623.0,0.104
5624.0,0.0,5624.0,0.0811
5625.0,0.0,5625.0,0.0695
5626.0,0.0,5626.0,0.0579
5627.0,0.0,5627.0,0.0579
5628.0,0.0,5628.0,0.0695
5629.0,0.0,5629.0,0.0811
5630.0,0.0,5630.0,0.0927
5631.0,0.0,5631.0,0.0927
5632.0,0.521,5632.0,0.0695
5633.0,0.0,5633.0,0.0579
5634.0,0.0,5634.0,0.0695
5635.0,0.0,5635.0,0.0695
5636.0,0.0,5636.0,0.0927
5637.0,0.521,5637.0,0.0927
5638.0,0.0,5638.0,0.104
5639.0,0.0,5639.0,0.127
5640.0,0.521,5640.0,0.0
5641.0,0.0,5641.0,0.0
5642.0,0.0,5642.0,0.0463
5643.0,0.0,5643.0,0.0
5644.0,0.0,5644.0,0.0
5645.0,0.0,5645.0,0.0695
5646.0,0.0,5646.0,0.0579
5647.0,0.0,5647.0,0.0463
5648.0,0.0,5648.0,0.0695
5649.0,0.0,5649.0,0.0695
5650.0,0.0,5650.0,0.0811
5651.0,0.0,5651.0,0.0927
5652.0,0.0,5652.0,0.0927
5653.0,0.0,5653.0,0.0927
5654.0,0.0,5654.0,0.0927
5655.0,0.521,5655.0,0.104
5656.0,0.0,5656.0,0.0695
5657.0,0.0,5657.0,0.0579
5658.0,0.521,5658.0,0.0811
5659.0,0.0,5659.0,0.0579
5660.0,0.0,5660.0,0.0579
5661.0,0.0,5661.0,0.0811
5662.0,0.0,5662.0,0.0927
5663.0,0.0,5663.0,0.0579
5664.0,0.0,5664.0,0.0695
5665.0,0.0,5665.0,0.0811
5666.0,0.521,5666.0,0.0695
5667.0,0.0,5667.0,0.0695
5668.0,0.0,5668.0,0.0579
5669.0,0.0,5669.0,0.0695
5670.0,0.0,5670.0,0.0463
5671.0,0.0,5671.0,0.0811
5672.0,0.0,5672.0,0.0116
5673.0,0.521,5673.0,0.0348
5674.0,0.0,5674.0,0.0811
5675.0,0.0,5675.0,0.0811
5676.0,0.0,5676.0,0.0695
5677.0,0.0,5677.0,0.0927
5678.0,0.0,5678.0,0.0811
5679.0,0.0,5679.0,0.0695
5680.0,0.0,5680.0,0.0695
5681.0,0.0,5681.0,0.0811
5682.0,0.0,5682.0,0.0695
5683.0,0.521,5683.0,0.0579
5684.0,0.0,5684.0,0.0579
5685.0,0.0,5685.0,0.0695
5686.0,0.0,5686.0,0.0695
5687.0,0.0,5687.0,0.0811
5688.0,0.0,5688.0,0.104
5689.0,0.0,5689.0,0.104
5690.0,0.521,5690.0,0.0348
5691.0,0.0,5691.0,0.0463
5692.0,0.0,5692.0,0.0927
5693.0,0.0,5693.0,0.0927
5694.0,0.0,5694.0,0.0927
5695.0,0.0,5695.0,0.0695
5696.0,0.521,5696.0,0.0579
5697.0,0.0,5697.0,0.0579
5698.0,0.0,5698.0,0.0695
5699.0,0.0,5699.0,0.0579
5700.0,0.0,5700.0,0.0579
5701.0,0.0,5701.0,0.0695
5702.0,0.0,5702.0,0.0695
5703.0,0.521,5703.0,0.0927
5704.0,0.0,5704.0,0.0579
5705.0,0.0,5705.0,0.0116
5706.0,0.0,5706.0,0.0463
5707.0,0.0,5707.0,0.151
5708.0,0.0,5708.0,0.116
5709.0,0.0,5709.0,0.104
5710.0,0.521,5710.0,0.104
5711.0,0.0,5711.0,0.0811
5712.0,0.0,5712.0,0.0579
5713.0,0.0,5713.0,0.0811
5714.0,0.0,5714.0,0.0811
5715.0,0.0,5715.0,0.0811
5716.0,0.521,5716.0,0.0927
5717.0,0.0,5717.0,0.104
5718.0,0.0,5718.0,0.127
5719.0,0.0,5719.0,0.0927
5720.0,0.0,5720.0,0.0811
5721.0,0.521,5721.0,0.0463
5722.0,0.0,5722.0,0.0811
5723.0,0.0,5723.0,0.151
5724.0,0.0,5724.0,0.116
5725.0,0.0,5725.0,0.139
5726.0,0.0,5726.0,0.0927
5727.0,0.0,5727.0,0.104
5728.0,0.521,5728.0,0.127
5729.0,0.0,5729.0,0.127
5730.0,0.0,5730.0,0.151
5731.0,0.0,5731.0,0.139
5732.0,0.0,5732.0,0.151
5733.0,0.521,5733.0,0.139
5734.0,0.0,5734.0,0.0927
5735.0,0.521,5735.0,0.0463
5736.0,0.0,5736.0,0.116
5737.0,0.0,5737.0,0.127
5738.0,0.0,5738.0,0.127
5739.0,0.0,5739.0,0.139
5740.0,0.521,5740.0,0.127
5741.0,0.0,5741.0,0.151
5742.0,0.0,5742.0,0.116
5743.0,0.0,5743.0,0.151
5744.0,0.0,5744.0,0.151
5745.0,0.521,5745.0,0.139
5746.0,0.0,5746.0,0.162
5747.0,0.0,5747.0,0.174
5748.0,0.521,5748.0,0.209
5749.0,0.0,5749.0,0.151
5750.0,0.0,5750.0,0.209
5751.0,0.521,5751.0,0.0348
5752.0,0.0,5752.0,0.0811
5753.0,0.0,5753.0,0.127
5754.0,0.0,5754.0,0.151
5755.0,0.0,5755.0,0.104
5756.0,0.521,5756.0,0.139
5757.0,0.0,5757.0,0.0927
5758.0,0.0,5758.0,0.139
5759.0,0.0,5759.0,0.116
5760.0,0.521,5760.0,0.127
5761.0,0.0,5761.0,0.127
5762.0,0.0,5762.0,0.162
5763.0,0.521,5763.0,0.0695
5764.0,0.0,5764.0,0.139
5765.0,0.0,5765.0,0.104
5766.0,0.521,5766.0,0.0579
5767.0,0.0,5767.0,0.0695
5768.0,0.0,5768.0,0.0927
5769.0,0.0,5769.0,0.0695
5770.0,0.0,5770.0,0.0927
5771.0,0.0,5771.0,0.0927
5772.0,0.0,5772.0,0.0811
5773.0,0.521,5773.0,0.0811
5774.0,0.0,5774.0,0.0579
5775.0,0.0,5775.0,0.104
5776.0,0.0,5776.0,0.0811
5777.0,0.0,5777.0,0.0927
5778.0,0.0,5778.0,0.0579
5779.0,0.521,5779.0,0.0579
5780.0,0.0,5780.0,0.0695
5781.0,0.0,5781.0,0.0695
5782.0,0.0,5782.0,0.0811
5783.0,0.0,5783.0,0.0579
5784.0,0.0,5784.0,0.0579
5785.0,0.0,5785.0,0.0695
5786.0,0.0,5786.0,0.0579
5787.0,0.521,5787.0,0.0695
5788.0,0.0,5788.0,0.0811
5789.0,0.0,5789.0,0.0811
5790.0,0.0,5790.0,0.0695
5791.0,0.0,5791.0,0.0695
5792.0,0.0,5792.0,0.0695
5793.0,0.0,5793.0,0.0695
5794.0,0.0,5794.0,0.0579
5795.0,0.0,5795.0,0.0579
5796.0,0.521,5796.0,0.0695
5797.0,0.0,5797.0,0.0695
5798.0,0.0,5798.0,0.0695
5799.0,0.0,5799.0,0.104
5800.0,0.0,5800.0,0.104
5801.0,0.521,5801.0,0.0927
5802.0,0.0,5802.0,0.0927
5803.0,0.0,5803.0,0.0811
5804.0,0.0,5804.0,0.0811
5805.0,0.0,5805.0,0.104
5806.0,0.0,5806.0,0.0463
5807.0,0.0,5807.0,0.104
5808.0,0.521,5808.0,0.0811
5809.0,0.0,5809.0,0.104
5810.0,0.0,5810.0,0.0348
5811.0,0.0,5811.0,0.104
5812.0,0.0,5812.0,0.0927
5813.0,0.0,5813.0,0.0695
5814.0,0.521,5814.0,0.0927
5815.0,0.0,5815.0,0.0695
5816.0,0.0,5816.0,0.0811
5817.0,0.0,5817.0,0.0695
5818.0,0.0,5818.0,0.0463
5819.0,0.0,5819.0,0.0927
5820.0,0.0,5820.0,0.0695
5821.0,0.521,5821.0,0.0695
5822.0,0.0,5822.0,0.0579
5823.0,0.0,5823.0,0.0811
5824.0,0.0,5824.0,0.0927
5825.0,0.0,5825.0,0.0927
5826.0,0.0,5826.0,0.0811
5827.0,0.0,5827.0,0.0579
5828.0,0.521,5828.0,0.0695
5829.0,0.0,5829.0,0.0695
5830.0,0.0,5830.0,0.0579
5831.0,0.0,5831.0,0.0811
5832.0,0.0,5832.0,0.0579
5833.0,0.0,5833.0,0.0811
5834.0,0.0,5834.0,0.0579
5835.0,0.0,5835.0,0.0579
5836.0,0.521,5836.0,0.0579
5837.0,0.0,5837.0,0.0695
5838.0,0.0,5838.0,0.0811
5839.0,0.0,5839.0,0.0927
5840.0,0.0,5840.0,0.0695
5841.0,0.0,5841.0,0.0695
5842.0,0.0,5842.0,0.0927
5843.0,0.521,5843.0,0.0695
5844.0,0.0,5844.0,0.104
5845.0,0.0,5845.0,0.0695
5846.0,0.0,5846.0,0.0811
5847.0,0.0,5847.0,0.0463
5848.0,0.0,5848.0,0.0579
5849.0,0.521,5849.0,0.0579
5850.0,0.0,5850.0,0.0579
5851.0,0.0,5851.0,0.104
5852.0,0.0,5852.0,0.0811
5853.0,0.0,5853.0,0.0927
5854.0,0.0,5854.0,0.0695
5855.0,0.0,5855.0,0.0811
5856.0,0.0,5856.0,0.0695
5857.0,0.521,5857.0,0.0463
5858.0,0.0,5858.0,0.0811
5859.0,0.0,5859.0,0.0463
5860.0,0.0,5860.0,0.0463
5861.0,0.0,5861.0,0.0695
5862.0,0.0,5862.0,0.0579
5863.0,0.0,5863.0,0.0695
5864.0,0.0,5864.0,0.0811
5865.0,0.521,5865.0,0.0695
5866.0,0.0,5866.0,0.0811
5867.0,0.0,5867.0,0.0579
5868.0,0.0,5868.0,0.0695
5869.0,0.0,5869.0,0.0695
5870.0,0.0,5870.0,0.0695
5871.0,0.0,5871.0,0.0232
5872.0,0.521,5872.0,0.0348
5873.0,0.0,5873.0,0.0116
5874.0,0.0,5874.0,0.0811
5875.0,0.0,5875.0,0.0695
5876.0,0.0,5876.0,0.0579
5877.0,0.0,5877.0,0.0695
5878.0,0.0,5878.0,0.0695
5879.0,0.0,5879.0,0.0695
5880.0,0.0,5880.0,0.0695
5881.0,0.0,5881.0,0.0695
5882.0,0.0,5882.0,0.0695
5883.0,0.521,5883.0,0.0927
5884.0,0.0,5884.0,0.0348
5885.0,0.0,5885.0,0.0348
5886.0,0.0,5886.0,0.0116
5887.0,0.0,5887.0,0.0695
5888.0,0.0,5888.0,0.0579
5889.0,0.0,5889.0,0.0695
5890.0,0.0,5890.0,0.0695
5891.0,0.0,5891.0,0.0463
5892.0,0.521,5892.0,0.0811
5893.0,0.0,5893.0,0.0463
5894.0,0.0,5894.0,0.0811
5895.0,0.0,5895.0,0.0579
5896.0,0.0,5896.0,0.0927
5897.0,0.0,5897.0,0.104
5898.0,0.0,5898.0,0.0348
5899.0,0.521,5899.0,0.0116
5900.0,0.0,5900.0,0.0579
5901.0,0.0,5901.0,0.0695
5902.0,0.0,5902.0,0.0811
5903.0,0.0,5903.0,0.0811
5904.0,0.0,5904.0,0.0579
5905.0,0.0,5905.0,0.0811
5906.0,0.0,5906.0,0.0927
5907.0,0.0,5907.0,0.0811
5908.0,0.521,5908.0,0.127
5909.0,0.0,5909.0,0.0811
5910.0,0.0,5910.0,0.0348
5911.0,0.0,5911.0,0.0348
5912.0,0.521,5912.0,0.0927
5913.0,0.0,5913.0,0.0811
5914.0,0.0,5914.0,0.104
5915.0,0.0,5915.0,0.0927
5916.0,0.0,5916.0,0.104
5917.0,0.0,5917.0,0.0927
5918.0,0.0,5918.0,0.104
5919.0,0.0,5919.0,0.139
5920.0,0.521,5920.0,0.116
5921.0,0.0,5921.0,0.104
5922.0,0.0,5922.0,0.0579
5923.0,0.521,5923.0,0.104
5924.0,0.0,5924.0,0.104
5925.0,0.0,5925.0,0.104
5926.0,0.0,5926.0,0.0927
5927.0,0.0,5927.0,0.116
5928.0,0.0,5928.0,0.104
5929.0,0.0,5929.0,0.0927
5930.0,0.521,5930.0,0.127
5931.0,0.0,5931.0,0.139
5932.0,0.0,5932.0,0.127
5933.0,0.0,5933.0,0.0811
5934.0,0.521,5934.0,0.0927
5935.0,0.0,5935.0,0.127
5936.0,0.0,5936.0,0.139
5937.0,0.0,5937.0,0.104
5938.0,0.521,5938.0,0.116
5939.0,0.0,5939.0,0.0695
5940.0,0.0,5940.0,0.0927
5941.0,0.0,5941.0,0.0927
5942.0,0.0,5942.0,0.104
5943.0,0.0,5943.0,0.104
5944.0,0.521,5944.0,0.104
5945.0,0.0,5945.0,0.116
5946.0,0.0,5946.0,0.0927
5947.0,0.0,5947.0,0.116
5948.0,0.521,5948.0,0.127
5949.0,0.0,5949.0,0.0927
5950.0,0.0,5950.0,0.0927
5951.0,0.0,5951.0,0.0695
5952.0,0.0,5952.0,0.0927
5953.0,0.0,5953.0,0.0811
5954.0,0.521,5954.0,0.0579
5955.0,0.0,5955.0,0.0927
5956.0,0.0,5956.0,0.0695
5957.0,0.0,5957.0,0.0811
5958.0,0.0,5958.0,0.0811
5959.0,0.0,5959.0,0.0927
5960.0,0.521,5960.0,0.104
5961.0,0.0,5961.0,0.127
5962.0,0.0,5962.0,0.127
5963.0,0.0,5963.0,0.127
5964.0,0.0,5964.0,0.116
5965.0,0.521,5965.0,0.116
5966.0,0.0,5966.0,0.116
5967.0,0.0,5967.0,0.127
5968.0,0.0,5968.0,0.104
5969.0,0.0,5969.0,0.185
5970.0,0.521,5970.0,0.0695
5971.0,0.0,5971.0,0.139
5972.0,0.0,5972.0,0.139
5973.0,0.521,5973.0,0.151
5974.0,0.0,5974.0,0.139
5975.0,0.0,5975.0,0.139
